epoch;epsilon;loss;randomF1;oracleF1;rougeF1;rougeRecall;rougePrecision;actual;pred;nselect;nskip;query
0; 1.000; 0.027914; 0.081033; 0.095365; 0.081033; 0.046763; 0.303333; {min=-0.120, max=0.640}; {min=-0.080, max=0.098}; 12; 7; 1
1; 0.967; 0.024675; 0.081033; 0.095365; 0.081033; 0.046763; 0.303333; {min=-0.120, max=0.640}; {min=-0.064, max=0.129}; 12; 7; 1
2; 0.933; 0.022483; 0.081033; 0.095365; 0.081033; 0.046763; 0.303333; {min=-0.120, max=0.640}; {min=-0.068, max=0.148}; 12; 7; 1
3; 0.900; 0.022711; 0.081033; 0.095365; 0.081033; 0.046763; 0.303333; {min=-0.120, max=0.640}; {min=-0.071, max=0.165}; 13; 6; 1
4; 0.867; 0.022001; 0.081033; 0.095365; 0.081033; 0.046763; 0.303333; {min=-0.120, max=0.640}; {min=-0.070, max=0.163}; 13; 6; 1
5; 0.833; 0.020900; 0.081033; 0.095365; 0.079252; 0.045735; 0.296667; {min=-0.120, max=0.640}; {min=-0.064, max=0.162}; 13; 6; 1
6; 0.800; 0.019703; 0.081033; 0.095365; 0.081923; 0.047276; 0.306667; {min=-0.120, max=0.640}; {min=-0.063, max=0.172}; 13; 6; 1
7; 0.767; 0.018982; 0.081033; 0.095365; 0.079252; 0.045735; 0.296667; {min=-0.120, max=0.640}; {min=-0.066, max=0.185}; 13; 6; 1
8; 0.733; 0.017938; 0.081033; 0.095365; 0.081923; 0.047276; 0.306667; {min=-0.120, max=0.640}; {min=-0.067, max=0.195}; 13; 6; 1
9; 0.700; 0.017306; 0.081033; 0.095365; 0.079252; 0.045735; 0.296667; {min=-0.120, max=0.640}; {min=-0.071, max=0.207}; 13; 6; 1
10; 0.667; 0.016384; 0.081033; 0.095365; 0.081923; 0.047276; 0.306667; {min=-0.120, max=0.640}; {min=-0.073, max=0.215}; 13; 6; 1
11; 0.633; 0.015838; 0.081033; 0.095365; 0.079252; 0.045735; 0.296667; {min=-0.120, max=0.640}; {min=-0.077, max=0.227}; 13; 6; 1
12; 0.600; 0.015410; 0.081033; 0.095365; 0.079252; 0.045735; 0.296667; {min=-0.120, max=0.640}; {min=-0.079, max=0.234}; 14; 5; 1
13; 0.567; 0.014789; 0.081033; 0.095365; 0.079252; 0.045735; 0.296667; {min=-0.120, max=0.640}; {min=-0.086, max=0.240}; 14; 5; 1
14; 0.533; 0.014142; 0.081033; 0.095365; 0.079252; 0.045735; 0.296667; {min=-0.120, max=0.640}; {min=-0.090, max=0.247}; 14; 5; 1
15; 0.500; 0.007424; 0.081033; 0.095365; 0.079252; 0.045735; 0.296667; {min=-0.120, max=0.640}; {min=-0.093, max=0.255}; 15; 4; 1
16; 0.467; 0.006987; 0.081033; 0.095365; 0.085856; 0.048818; 0.355805; {min=-0.120, max=0.640}; {min=-0.088, max=0.249}; 14; 5; 1
17; 0.433; 0.007243; 0.081033; 0.095365; 0.072965; 0.040082; 0.406250; {min=-0.120, max=0.640}; {min=-0.079, max=0.257}; 13; 6; 1
18; 0.400; 0.006461; 0.081033; 0.095365; 0.057471; 0.030832; 0.422535; {min=-0.120, max=0.640}; {min=-0.067, max=0.263}; 12; 7; 1
19; 0.367; 0.006036; 0.081033; 0.095365; 0.057471; 0.030832; 0.422535; {min=-0.120, max=0.640}; {min=-0.062, max=0.270}; 11; 8; 1
20; 0.333; 0.005140; 0.081033; 0.095365; 0.048450; 0.025694; 0.423729; {min=-0.120, max=0.640}; {min=-0.067, max=0.275}; 11; 8; 1
21; 0.300; 0.005404; 0.081033; 0.095365; 0.039216; 0.020555; 0.425532; {min=-0.120, max=0.640}; {min=-0.072, max=0.283}; 10; 9; 1
22; 0.267; 0.006107; 0.081033; 0.095365; 0.022977; 0.011819; 0.410714; {min=-0.202, max=0.640}; {min=-0.079, max=0.290}; 7; 12; 1
23; 0.233; 0.005779; 0.081033; 0.095365; 0.022977; 0.011819; 0.410714; {min=-0.202, max=0.640}; {min=-0.082, max=0.299}; 7; 12; 1
24; 0.200; 0.003755; 0.081033; 0.095365; 0.019221; 0.009764; 0.612903; {min=-0.027, max=0.640}; {min=-0.099, max=0.309}; 6; 13; 1
25; 0.167; 0.005529; 0.081033; 0.095365; 0.022977; 0.011819; 0.410714; {min=-0.202, max=0.640}; {min=-0.070, max=0.325}; 7; 12; 1
26; 0.133; 0.005995; 0.081033; 0.095365; 0.022977; 0.011819; 0.410714; {min=-0.202, max=0.640}; {min=-0.078, max=0.330}; 5; 14; 1
27; 0.100; 0.003626; 0.081033; 0.095365; 0.019221; 0.009764; 0.612903; {min=-0.027, max=0.640}; {min=-0.096, max=0.338}; 3; 16; 1
28; 0.067; 0.005181; 0.081033; 0.095365; 0.022977; 0.011819; 0.410714; {min=-0.202, max=0.640}; {min=-0.080, max=0.351}; 4; 15; 1
29; 0.050; 0.003017; 0.081033; 0.095365; 0.019221; 0.009764; 0.612903; {min=-0.027, max=0.640}; {min=-0.100, max=0.356}; 2; 17; 1
30; 0.050; 0.002846; 0.081033; 0.095365; 0.019221; 0.009764; 0.612903; {min=-0.027, max=0.640}; {min=-0.099, max=0.367}; 2; 17; 1
31; 0.050; 0.002677; 0.081033; 0.095365; 0.019221; 0.009764; 0.612903; {min=-0.027, max=0.640}; {min=-0.099, max=0.378}; 2; 17; 1
32; 0.050; 0.004333; 0.081033; 0.095365; 0.029703; 0.015416; 0.405405; {min=-0.202, max=0.640}; {min=-0.089, max=0.388}; 4; 15; 1
33; 0.050; 0.002282; 0.081033; 0.095365; 0.019221; 0.009764; 0.612903; {min=-0.027, max=0.640}; {min=-0.108, max=0.391}; 2; 17; 1
34; 0.050; 0.002142; 0.081033; 0.095365; 0.019221; 0.009764; 0.612903; {min=-0.027, max=0.640}; {min=-0.107, max=0.402}; 2; 17; 1
35; 0.050; 0.002010; 0.081033; 0.095365; 0.019221; 0.009764; 0.612903; {min=-0.027, max=0.640}; {min=-0.107, max=0.412}; 2; 17; 1
36; 0.050; 0.001882; 0.081033; 0.095365; 0.019221; 0.009764; 0.612903; {min=-0.027, max=0.640}; {min=-0.106, max=0.421}; 2; 17; 1
37; 0.050; 0.001753; 0.081033; 0.095365; 0.019221; 0.009764; 0.612903; {min=-0.027, max=0.640}; {min=-0.106, max=0.430}; 2; 17; 1
38; 0.050; 0.003303; 0.081033; 0.095365; 0.029703; 0.015416; 0.405405; {min=-0.202, max=0.640}; {min=-0.100, max=0.438}; 4; 15; 1
39; 0.050; 0.001440; 0.081033; 0.095365; 0.019221; 0.009764; 0.612903; {min=-0.027, max=0.640}; {min=-0.118, max=0.441}; 2; 17; 1
40; 0.050; 0.001344; 0.081033; 0.095365; 0.019221; 0.009764; 0.612903; {min=-0.027, max=0.640}; {min=-0.117, max=0.450}; 2; 17; 1
41; 0.050; 0.001252; 0.081033; 0.095365; 0.019221; 0.009764; 0.612903; {min=-0.027, max=0.640}; {min=-0.117, max=0.458}; 2; 17; 1
42; 0.050; 0.001158; 0.081033; 0.095365; 0.019221; 0.009764; 0.612903; {min=-0.027, max=0.640}; {min=-0.118, max=0.466}; 2; 17; 1
43; 0.050; 0.001064; 0.081033; 0.095365; 0.019221; 0.009764; 0.612903; {min=-0.027, max=0.640}; {min=-0.118, max=0.474}; 2; 17; 1
44; 0.050; 0.000983; 0.081033; 0.095365; 0.019221; 0.009764; 0.612903; {min=-0.027, max=0.640}; {min=-0.119, max=0.481}; 2; 17; 1
45; 0.050; 0.000902; 0.081033; 0.095365; 0.019221; 0.009764; 0.612903; {min=-0.027, max=0.640}; {min=-0.119, max=0.489}; 2; 17; 1
46; 0.050; 0.000827; 0.081033; 0.095365; 0.019221; 0.009764; 0.612903; {min=-0.027, max=0.640}; {min=-0.120, max=0.495}; 2; 17; 1
47; 0.050; 0.000752; 0.081033; 0.095365; 0.019221; 0.009764; 0.612903; {min=-0.027, max=0.640}; {min=-0.121, max=0.502}; 2; 17; 1
48; 0.050; 0.000687; 0.081033; 0.095365; 0.019221; 0.009764; 0.612903; {min=-0.027, max=0.640}; {min=-0.122, max=0.508}; 2; 17; 1
49; 0.050; 0.000626; 0.081033; 0.095365; 0.019221; 0.009764; 0.612903; {min=-0.027, max=0.640}; {min=-0.122, max=0.514}; 2; 17; 1
50; 0.050; 0.000565; 0.081033; 0.095365; 0.019221; 0.009764; 0.612903; {min=-0.027, max=0.640}; {min=-0.123, max=0.520}; 2; 17; 1
51; 0.050; 0.000512; 0.081033; 0.095365; 0.019221; 0.009764; 0.612903; {min=-0.027, max=0.640}; {min=-0.124, max=0.526}; 2; 17; 1
52; 0.050; 0.000464; 0.081033; 0.095365; 0.019221; 0.009764; 0.612903; {min=-0.027, max=0.640}; {min=-0.124, max=0.532}; 2; 17; 1
53; 0.050; 0.000416; 0.081033; 0.095365; 0.019221; 0.009764; 0.612903; {min=-0.027, max=0.640}; {min=-0.125, max=0.537}; 2; 17; 1
54; 0.050; 0.000375; 0.081033; 0.095365; 0.019221; 0.009764; 0.612903; {min=-0.027, max=0.640}; {min=-0.126, max=0.542}; 2; 17; 1
55; 0.050; 0.000338; 0.081033; 0.095365; 0.019221; 0.009764; 0.612903; {min=-0.027, max=0.640}; {min=-0.126, max=0.547}; 2; 17; 1
56; 0.050; 0.000301; 0.081033; 0.095365; 0.019221; 0.009764; 0.612903; {min=-0.027, max=0.640}; {min=-0.127, max=0.552}; 2; 17; 1
57; 0.050; 0.000271; 0.081033; 0.095365; 0.019221; 0.009764; 0.612903; {min=-0.027, max=0.640}; {min=-0.128, max=0.557}; 2; 17; 1
58; 0.050; 0.000243; 0.081033; 0.095365; 0.019221; 0.009764; 0.612903; {min=-0.027, max=0.640}; {min=-0.128, max=0.562}; 2; 17; 1
59; 0.050; 0.000215; 0.081033; 0.095365; 0.019221; 0.009764; 0.612903; {min=-0.027, max=0.640}; {min=-0.129, max=0.566}; 2; 17; 1
60; 0.050; 0.000192; 0.081033; 0.095365; 0.019221; 0.009764; 0.612903; {min=-0.027, max=0.640}; {min=-0.129, max=0.570}; 2; 17; 1
61; 0.050; 0.000170; 0.081033; 0.095365; 0.019221; 0.009764; 0.612903; {min=-0.027, max=0.640}; {min=-0.130, max=0.574}; 2; 17; 1
62; 0.050; 0.000151; 0.081033; 0.095365; 0.019221; 0.009764; 0.612903; {min=-0.027, max=0.640}; {min=-0.130, max=0.578}; 2; 17; 1
63; 0.050; 0.000133; 0.081033; 0.095365; 0.019221; 0.009764; 0.612903; {min=-0.027, max=0.640}; {min=-0.130, max=0.582}; 2; 17; 1
64; 0.050; 0.000118; 0.081033; 0.095365; 0.019221; 0.009764; 0.612903; {min=-0.027, max=0.640}; {min=-0.131, max=0.585}; 2; 17; 1
65; 0.050; 0.000104; 0.081033; 0.095365; 0.019221; 0.009764; 0.612903; {min=-0.027, max=0.640}; {min=-0.131, max=0.589}; 2; 17; 1
66; 0.050; 0.001426; 0.081033; 0.095365; 0.039139; 0.020555; 0.408163; {min=-0.115, max=0.640}; {min=-0.129, max=0.592}; 5; 14; 1
67; 0.050; 0.000125; 0.081033; 0.095365; 0.016235; 0.008222; 0.640000; {min=0.000, max=0.640}; {min=-0.165, max=0.580}; 1; 18; 1
68; 0.050; 0.000105; 0.081033; 0.095365; 0.016235; 0.008222; 0.640000; {min=0.000, max=0.640}; {min=-0.163, max=0.586}; 1; 18; 1
69; 0.050; 0.000092; 0.081033; 0.095365; 0.016235; 0.008222; 0.640000; {min=0.000, max=0.640}; {min=-0.162, max=0.591}; 1; 18; 1
70; 0.050; 0.000078; 0.081033; 0.095365; 0.016235; 0.008222; 0.640000; {min=0.000, max=0.640}; {min=-0.160, max=0.596}; 1; 18; 1
71; 0.050; 0.000065; 0.081033; 0.095365; 0.016235; 0.008222; 0.640000; {min=0.000, max=0.640}; {min=-0.159, max=0.600}; 1; 18; 1
72; 0.050; 0.000054; 0.081033; 0.095365; 0.016235; 0.008222; 0.640000; {min=0.000, max=0.640}; {min=-0.158, max=0.604}; 1; 18; 1
73; 0.050; 0.000045; 0.081033; 0.095365; 0.016235; 0.008222; 0.640000; {min=0.000, max=0.640}; {min=-0.157, max=0.608}; 1; 18; 1
74; 0.050; 0.000038; 0.081033; 0.095365; 0.016235; 0.008222; 0.640000; {min=0.000, max=0.640}; {min=-0.156, max=0.611}; 1; 18; 1
75; 0.050; 0.000033; 0.081033; 0.095365; 0.016235; 0.008222; 0.640000; {min=0.000, max=0.640}; {min=-0.155, max=0.613}; 1; 18; 1
76; 0.050; 0.000028; 0.081033; 0.095365; 0.016235; 0.008222; 0.640000; {min=0.000, max=0.640}; {min=-0.154, max=0.616}; 1; 18; 1
77; 0.050; 0.000024; 0.081033; 0.095365; 0.016235; 0.008222; 0.640000; {min=0.000, max=0.640}; {min=-0.154, max=0.618}; 1; 18; 1
78; 0.050; 0.000021; 0.081033; 0.095365; 0.016235; 0.008222; 0.640000; {min=0.000, max=0.640}; {min=-0.153, max=0.620}; 1; 18; 1
79; 0.050; 0.000018; 0.081033; 0.095365; 0.016235; 0.008222; 0.640000; {min=0.000, max=0.640}; {min=-0.153, max=0.622}; 1; 18; 1
80; 0.050; 0.000016; 0.081033; 0.095365; 0.016235; 0.008222; 0.640000; {min=0.000, max=0.640}; {min=-0.152, max=0.624}; 1; 18; 1
81; 0.050; 0.000014; 0.081033; 0.095365; 0.016235; 0.008222; 0.640000; {min=0.000, max=0.640}; {min=-0.152, max=0.626}; 1; 18; 1
82; 0.050; 0.000775; 0.081033; 0.095365; 0.028986; 0.014902; 0.527273; {min=-0.109, max=0.640}; {min=-0.135, max=0.627}; 3; 16; 1
83; 0.050; 0.000022; 0.081033; 0.095365; 0.016235; 0.008222; 0.640000; {min=0.000, max=0.640}; {min=-0.167, max=0.616}; 1; 18; 1
84; 0.050; 0.000019; 0.081033; 0.095365; 0.016235; 0.008222; 0.640000; {min=0.000, max=0.640}; {min=-0.166, max=0.619}; 1; 18; 1
85; 0.050; 0.000016; 0.081033; 0.095365; 0.016235; 0.008222; 0.640000; {min=0.000, max=0.640}; {min=-0.165, max=0.622}; 1; 18; 1
86; 0.050; 0.000013; 0.081033; 0.095365; 0.016235; 0.008222; 0.640000; {min=0.000, max=0.640}; {min=-0.165, max=0.624}; 1; 18; 1
87; 0.050; 0.000012; 0.081033; 0.095365; 0.016235; 0.008222; 0.640000; {min=0.000, max=0.640}; {min=-0.164, max=0.626}; 1; 18; 1
88; 0.050; 0.000010; 0.081033; 0.095365; 0.016235; 0.008222; 0.640000; {min=0.000, max=0.640}; {min=-0.164, max=0.627}; 1; 18; 1
89; 0.050; 0.000009; 0.081033; 0.095365; 0.016235; 0.008222; 0.640000; {min=0.000, max=0.640}; {min=-0.164, max=0.629}; 1; 18; 1
90; 0.050; 0.000008; 0.081033; 0.095365; 0.016235; 0.008222; 0.640000; {min=0.000, max=0.640}; {min=-0.163, max=0.630}; 1; 18; 1
91; 0.050; 0.000007; 0.081033; 0.095365; 0.016235; 0.008222; 0.640000; {min=0.000, max=0.640}; {min=-0.163, max=0.631}; 1; 18; 1
92; 0.050; 0.000006; 0.081033; 0.095365; 0.016235; 0.008222; 0.640000; {min=0.000, max=0.640}; {min=-0.163, max=0.632}; 1; 18; 1
93; 0.050; 0.000006; 0.081033; 0.095365; 0.016235; 0.008222; 0.640000; {min=0.000, max=0.640}; {min=-0.162, max=0.633}; 1; 18; 1
94; 0.050; 0.000005; 0.081033; 0.095365; 0.016235; 0.008222; 0.640000; {min=0.000, max=0.640}; {min=-0.162, max=0.634}; 1; 18; 1
95; 0.050; 0.000005; 0.081033; 0.095365; 0.016235; 0.008222; 0.640000; {min=0.000, max=0.640}; {min=-0.162, max=0.635}; 1; 18; 1
96; 0.050; 0.000004; 0.081033; 0.095365; 0.016235; 0.008222; 0.640000; {min=0.000, max=0.640}; {min=-0.162, max=0.635}; 1; 18; 1
97; 0.050; 0.000004; 0.081033; 0.095365; 0.016235; 0.008222; 0.640000; {min=0.000, max=0.640}; {min=-0.162, max=0.636}; 1; 18; 1
98; 0.050; 0.000004; 0.081033; 0.095365; 0.016235; 0.008222; 0.640000; {min=0.000, max=0.640}; {min=-0.162, max=0.636}; 1; 18; 1
99; 0.050; 0.000003; 0.081033; 0.095365; 0.016235; 0.008222; 0.640000; {min=0.000, max=0.640}; {min=-0.161, max=0.637}; 1; 18; 1
100; 0.050; 0.000003; 0.081033; 0.095365; 0.016235; 0.008222; 0.640000; {min=0.000, max=0.640}; {min=-0.161, max=0.637}; 1; 18; 1
101; 0.050; 0.000003; 0.081033; 0.095365; 0.016235; 0.008222; 0.640000; {min=0.000, max=0.640}; {min=-0.161, max=0.637}; 1; 18; 1
102; 0.050; 0.000003; 0.081033; 0.095365; 0.016235; 0.008222; 0.640000; {min=0.000, max=0.640}; {min=-0.161, max=0.638}; 1; 18; 1
103; 0.017; 0.000003; 0.081033; 0.095365; 0.016235; 0.008222; 0.640000; {min=0.000, max=0.640}; {min=-0.161, max=0.638}; 1; 18; 1
104; 0.000; 0.000003; 0.081033; 0.095365; 0.016235; 0.008222; 0.640000; {min=0.000, max=0.640}; {min=-0.161, max=0.638}; 1; 18; 1
105; 0.000; 0.000002; 0.081033; 0.095365; 0.016235; 0.008222; 0.640000; {min=0.000, max=0.640}; {min=-0.161, max=0.639}; 1; 18; 1
106; 0.000; 0.000002; 0.081033; 0.095365; 0.016235; 0.008222; 0.640000; {min=0.000, max=0.640}; {min=-0.161, max=0.639}; 1; 18; 1
107; 0.000; 0.000002; 0.081033; 0.095365; 0.016235; 0.008222; 0.640000; {min=0.000, max=0.640}; {min=-0.161, max=0.639}; 1; 18; 1
108; 0.000; 0.000002; 0.081033; 0.095365; 0.016235; 0.008222; 0.640000; {min=0.000, max=0.640}; {min=-0.161, max=0.639}; 1; 18; 1
109; 0.000; 0.000002; 0.081033; 0.095365; 0.016235; 0.008222; 0.640000; {min=0.000, max=0.640}; {min=-0.161, max=0.639}; 1; 18; 1
110; 0.000; 0.000002; 0.081033; 0.095365; 0.016235; 0.008222; 0.640000; {min=0.000, max=0.640}; {min=-0.161, max=0.639}; 1; 18; 1
111; 0.000; 0.000002; 0.081033; 0.095365; 0.016235; 0.008222; 0.640000; {min=0.000, max=0.640}; {min=-0.161, max=0.639}; 1; 18; 1
112; 0.000; 0.000002; 0.081033; 0.095365; 0.016235; 0.008222; 0.640000; {min=0.000, max=0.640}; {min=-0.161, max=0.639}; 1; 18; 1
113; 0.000; 0.000002; 0.081033; 0.095365; 0.016235; 0.008222; 0.640000; {min=0.000, max=0.640}; {min=-0.161, max=0.640}; 1; 18; 1
114; 0.000; 0.000002; 0.081033; 0.095365; 0.016235; 0.008222; 0.640000; {min=0.000, max=0.640}; {min=-0.161, max=0.640}; 1; 18; 1
115; 0.000; 0.000002; 0.081033; 0.095365; 0.016235; 0.008222; 0.640000; {min=0.000, max=0.640}; {min=-0.161, max=0.640}; 1; 18; 1
116; 0.000; 0.000002; 0.081033; 0.095365; 0.016235; 0.008222; 0.640000; {min=0.000, max=0.640}; {min=-0.161, max=0.640}; 1; 18; 1
117; 0.000; 0.000002; 0.081033; 0.095365; 0.016235; 0.008222; 0.640000; {min=0.000, max=0.640}; {min=-0.161, max=0.640}; 1; 18; 1
118; 0.000; 0.000002; 0.081033; 0.095365; 0.016235; 0.008222; 0.640000; {min=0.000, max=0.640}; {min=-0.161, max=0.640}; 1; 18; 1
119; 0.000; 0.000002; 0.081033; 0.095365; 0.016235; 0.008222; 0.640000; {min=0.000, max=0.640}; {min=-0.161, max=0.640}; 1; 18; 1
120; 0.000; 0.000002; 0.081033; 0.095365; 0.016235; 0.008222; 0.640000; {min=0.000, max=0.640}; {min=-0.161, max=0.640}; 1; 18; 1
121; 0.000; 0.000002; 0.081033; 0.095365; 0.016235; 0.008222; 0.640000; {min=0.000, max=0.640}; {min=-0.161, max=0.640}; 1; 18; 1
122; 0.000; 0.000002; 0.081033; 0.095365; 0.016235; 0.008222; 0.640000; {min=0.000, max=0.640}; {min=-0.161, max=0.640}; 1; 18; 1
123; 0.000; 0.000002; 0.081033; 0.095365; 0.016235; 0.008222; 0.640000; {min=0.000, max=0.640}; {min=-0.161, max=0.640}; 1; 18; 1
124; 0.000; 0.000002; 0.081033; 0.095365; 0.016235; 0.008222; 0.640000; {min=0.000, max=0.640}; {min=-0.161, max=0.640}; 1; 18; 1
125; 0.000; 0.000003; 0.081033; 0.095365; 0.016235; 0.008222; 0.640000; {min=0.000, max=0.640}; {min=-0.161, max=0.640}; 1; 18; 1
126; 0.000; 0.000003; 0.081033; 0.095365; 0.016235; 0.008222; 0.640000; {min=0.000, max=0.640}; {min=-0.161, max=0.640}; 1; 18; 1
127; 0.000; 0.000003; 0.081033; 0.095365; 0.016235; 0.008222; 0.640000; {min=0.000, max=0.640}; {min=-0.161, max=0.640}; 1; 18; 1
128; 0.000; 0.000003; 0.081033; 0.095365; 0.016235; 0.008222; 0.640000; {min=0.000, max=0.640}; {min=-0.161, max=0.640}; 1; 18; 1
129; 0.000; 0.000003; 0.081033; 0.095365; 0.016235; 0.008222; 0.640000; {min=0.000, max=0.640}; {min=-0.161, max=0.640}; 1; 18; 1
130; 0.000; 0.000003; 0.081033; 0.095365; 0.016235; 0.008222; 0.640000; {min=0.000, max=0.640}; {min=-0.161, max=0.640}; 1; 18; 1
131; 0.000; 0.000003; 0.081033; 0.095365; 0.016235; 0.008222; 0.640000; {min=0.000, max=0.640}; {min=-0.161, max=0.640}; 1; 18; 1
132; 0.000; 0.000003; 0.081033; 0.095365; 0.016235; 0.008222; 0.640000; {min=0.000, max=0.640}; {min=-0.161, max=0.640}; 1; 18; 1
133; 0.000; 0.000003; 0.081033; 0.095365; 0.016235; 0.008222; 0.640000; {min=0.000, max=0.640}; {min=-0.161, max=0.640}; 1; 18; 1
134; 0.000; 0.000003; 0.081033; 0.095365; 0.016235; 0.008222; 0.640000; {min=0.000, max=0.640}; {min=-0.161, max=0.640}; 1; 18; 1
135; 0.000; 0.000003; 0.081033; 0.095365; 0.016235; 0.008222; 0.640000; {min=0.000, max=0.640}; {min=-0.161, max=0.640}; 1; 18; 1
136; 0.000; 0.000003; 0.081033; 0.095365; 0.016235; 0.008222; 0.640000; {min=0.000, max=0.640}; {min=-0.161, max=0.640}; 1; 18; 1
137; 0.000; 0.000003; 0.081033; 0.095365; 0.016235; 0.008222; 0.640000; {min=0.000, max=0.640}; {min=-0.161, max=0.640}; 1; 18; 1
138; 0.000; 0.000003; 0.081033; 0.095365; 0.016235; 0.008222; 0.640000; {min=0.000, max=0.640}; {min=-0.161, max=0.640}; 1; 18; 1
139; 0.000; 0.000003; 0.081033; 0.095365; 0.016235; 0.008222; 0.640000; {min=0.000, max=0.640}; {min=-0.161, max=0.640}; 1; 18; 1
140; 0.000; 0.000003; 0.081033; 0.095365; 0.016235; 0.008222; 0.640000; {min=0.000, max=0.640}; {min=-0.161, max=0.640}; 1; 18; 1
141; 0.000; 0.000003; 0.081033; 0.095365; 0.016235; 0.008222; 0.640000; {min=0.000, max=0.640}; {min=-0.161, max=0.640}; 1; 18; 1
142; 0.000; 0.000003; 0.081033; 0.095365; 0.016235; 0.008222; 0.640000; {min=0.000, max=0.640}; {min=-0.161, max=0.640}; 1; 18; 1
143; 0.000; 0.000003; 0.081033; 0.095365; 0.016235; 0.008222; 0.640000; {min=0.000, max=0.640}; {min=-0.161, max=0.640}; 1; 18; 1
144; 0.000; 0.000003; 0.081033; 0.095365; 0.016235; 0.008222; 0.640000; {min=0.000, max=0.640}; {min=-0.161, max=0.640}; 1; 18; 1
145; 0.000; 0.000003; 0.081033; 0.095365; 0.016235; 0.008222; 0.640000; {min=0.000, max=0.640}; {min=-0.161, max=0.640}; 1; 18; 1
146; 0.000; 0.000003; 0.081033; 0.095365; 0.016235; 0.008222; 0.640000; {min=0.000, max=0.640}; {min=-0.161, max=0.640}; 1; 18; 1
147; 0.000; 0.000004; 0.081033; 0.095365; 0.016235; 0.008222; 0.640000; {min=0.000, max=0.640}; {min=-0.161, max=0.640}; 1; 18; 1
148; 0.000; 0.000004; 0.081033; 0.095365; 0.016235; 0.008222; 0.640000; {min=0.000, max=0.640}; {min=-0.161, max=0.640}; 1; 18; 1
149; 0.000; 0.000004; 0.081033; 0.095365; 0.016235; 0.008222; 0.640000; {min=0.000, max=0.640}; {min=-0.161, max=0.640}; 1; 18; 1
150; 0.000; 0.000004; 0.081033; 0.095365; 0.016235; 0.008222; 0.640000; {min=0.000, max=0.640}; {min=-0.161, max=0.640}; 1; 18; 1
151; 0.000; 0.000004; 0.081033; 0.095365; 0.016235; 0.008222; 0.640000; {min=0.000, max=0.640}; {min=-0.161, max=0.640}; 1; 18; 1
152; 0.000; 0.000004; 0.081033; 0.095365; 0.016235; 0.008222; 0.640000; {min=0.000, max=0.640}; {min=-0.161, max=0.640}; 1; 18; 1
153; 0.000; 0.000004; 0.081033; 0.095365; 0.016235; 0.008222; 0.640000; {min=0.000, max=0.640}; {min=-0.161, max=0.640}; 1; 18; 1
154; 0.000; 0.000004; 0.081033; 0.095365; 0.016235; 0.008222; 0.640000; {min=0.000, max=0.640}; {min=-0.161, max=0.640}; 1; 18; 1
155; 0.000; 0.000004; 0.081033; 0.095365; 0.016235; 0.008222; 0.640000; {min=0.000, max=0.640}; {min=-0.161, max=0.640}; 1; 18; 1
156; 0.000; 0.000004; 0.081033; 0.095365; 0.016235; 0.008222; 0.640000; {min=0.000, max=0.640}; {min=-0.161, max=0.640}; 1; 18; 1
157; 0.000; 0.000003; 0.081033; 0.095365; 0.016235; 0.008222; 0.640000; {min=0.000, max=0.640}; {min=-0.161, max=0.640}; 1; 18; 1
158; 0.000; 0.000003; 0.081033; 0.095365; 0.016235; 0.008222; 0.640000; {min=0.000, max=0.640}; {min=-0.161, max=0.640}; 1; 18; 1
159; 0.000; 0.000003; 0.081033; 0.095365; 0.016235; 0.008222; 0.640000; {min=0.000, max=0.640}; {min=-0.161, max=0.640}; 1; 18; 1
160; 0.000; 0.000002; 0.081033; 0.095365; 0.016235; 0.008222; 0.640000; {min=0.000, max=0.640}; {min=-0.161, max=0.640}; 1; 18; 1
161; 0.000; 0.000002; 0.081033; 0.095365; 0.016235; 0.008222; 0.640000; {min=0.000, max=0.640}; {min=-0.161, max=0.640}; 1; 18; 1
162; 0.000; 0.000002; 0.081033; 0.095365; 0.016235; 0.008222; 0.640000; {min=0.000, max=0.640}; {min=-0.161, max=0.640}; 1; 18; 1
163; 0.000; 0.000002; 0.081033; 0.095365; 0.016235; 0.008222; 0.640000; {min=0.000, max=0.640}; {min=-0.161, max=0.640}; 1; 18; 1
164; 0.000; 0.000002; 0.081033; 0.095365; 0.016235; 0.008222; 0.640000; {min=0.000, max=0.640}; {min=-0.161, max=0.640}; 1; 18; 1
165; 0.000; 0.000002; 0.081033; 0.095365; 0.016235; 0.008222; 0.640000; {min=0.000, max=0.640}; {min=-0.161, max=0.640}; 1; 18; 1
166; 0.000; 0.000002; 0.081033; 0.095365; 0.016235; 0.008222; 0.640000; {min=0.000, max=0.640}; {min=-0.161, max=0.640}; 1; 18; 1
167; 0.000; 0.000003; 0.081033; 0.095365; 0.016235; 0.008222; 0.640000; {min=0.000, max=0.640}; {min=-0.161, max=0.640}; 1; 18; 1
168; 0.000; 0.000003; 0.081033; 0.095365; 0.016235; 0.008222; 0.640000; {min=0.000, max=0.640}; {min=-0.161, max=0.640}; 1; 18; 1
169; 0.000; 0.000005; 0.081033; 0.095365; 0.016235; 0.008222; 0.640000; {min=0.000, max=0.640}; {min=-0.161, max=0.640}; 1; 18; 1
170; 0.000; 0.000007; 0.081033; 0.095365; 0.016235; 0.008222; 0.640000; {min=0.000, max=0.640}; {min=-0.161, max=0.640}; 1; 18; 1
171; 0.000; 0.000010; 0.081033; 0.095365; 0.016235; 0.008222; 0.640000; {min=0.000, max=0.640}; {min=-0.161, max=0.640}; 1; 18; 1
172; 0.000; 0.000013; 0.081033; 0.095365; 0.016235; 0.008222; 0.640000; {min=0.000, max=0.640}; {min=-0.161, max=0.640}; 1; 18; 1
173; 0.000; 0.000014; 0.081033; 0.095365; 0.016235; 0.008222; 0.640000; {min=0.000, max=0.640}; {min=-0.161, max=0.640}; 1; 18; 1
174; 0.000; 0.000013; 0.081033; 0.095365; 0.016235; 0.008222; 0.640000; {min=0.000, max=0.640}; {min=-0.161, max=0.640}; 1; 18; 1
175; 0.000; 0.000010; 0.081033; 0.095365; 0.016235; 0.008222; 0.640000; {min=0.000, max=0.640}; {min=-0.161, max=0.640}; 1; 18; 1
176; 0.000; 0.000007; 0.081033; 0.095365; 0.016235; 0.008222; 0.640000; {min=0.000, max=0.640}; {min=-0.161, max=0.640}; 1; 18; 1
177; 0.000; 0.000004; 0.081033; 0.095365; 0.016235; 0.008222; 0.640000; {min=0.000, max=0.640}; {min=-0.161, max=0.640}; 1; 18; 1
178; 0.000; 0.000002; 0.081033; 0.095365; 0.016235; 0.008222; 0.640000; {min=0.000, max=0.640}; {min=-0.161, max=0.640}; 1; 18; 1
179; 0.000; 0.000001; 0.081033; 0.095365; 0.016235; 0.008222; 0.640000; {min=0.000, max=0.640}; {min=-0.161, max=0.640}; 1; 18; 1
180; 0.000; 0.000000; 0.081033; 0.095365; 0.016235; 0.008222; 0.640000; {min=0.000, max=0.640}; {min=-0.161, max=0.640}; 1; 18; 1
181; 0.000; 0.000000; 0.081033; 0.095365; 0.016235; 0.008222; 0.640000; {min=0.000, max=0.640}; {min=-0.160, max=0.640}; 1; 18; 1
182; 0.000; 0.000001; 0.081033; 0.095365; 0.016235; 0.008222; 0.640000; {min=0.000, max=0.640}; {min=-0.160, max=0.640}; 1; 18; 1
183; 0.000; 0.000001; 0.081033; 0.095365; 0.016235; 0.008222; 0.640000; {min=0.000, max=0.640}; {min=-0.160, max=0.640}; 1; 18; 1
184; 0.000; 0.000003; 0.081033; 0.095365; 0.016235; 0.008222; 0.640000; {min=0.000, max=0.640}; {min=-0.160, max=0.640}; 1; 18; 1
185; 0.000; 0.000005; 0.081033; 0.095365; 0.016235; 0.008222; 0.640000; {min=0.000, max=0.640}; {min=-0.160, max=0.640}; 1; 18; 1
186; 0.000; 0.000009; 0.081033; 0.095365; 0.016235; 0.008222; 0.640000; {min=0.000, max=0.640}; {min=-0.160, max=0.640}; 1; 18; 1
187; 0.000; 0.000013; 0.081033; 0.095365; 0.016235; 0.008222; 0.640000; {min=0.000, max=0.640}; {min=-0.160, max=0.640}; 1; 18; 1
188; 0.000; 0.000016; 0.081033; 0.095365; 0.016235; 0.008222; 0.640000; {min=0.000, max=0.640}; {min=-0.160, max=0.640}; 1; 18; 1
189; 0.000; 0.000016; 0.081033; 0.095365; 0.016235; 0.008222; 0.640000; {min=0.000, max=0.640}; {min=-0.160, max=0.640}; 1; 18; 1
190; 0.000; 0.000013; 0.081033; 0.095365; 0.016235; 0.008222; 0.640000; {min=0.000, max=0.640}; {min=-0.160, max=0.640}; 1; 18; 1
191; 0.000; 0.000009; 0.081033; 0.095365; 0.016235; 0.008222; 0.640000; {min=0.000, max=0.640}; {min=-0.160, max=0.640}; 1; 18; 1
192; 0.000; 0.000006; 0.081033; 0.095365; 0.016235; 0.008222; 0.640000; {min=0.000, max=0.640}; {min=-0.160, max=0.640}; 1; 18; 1
193; 0.000; 0.000003; 0.081033; 0.095365; 0.016235; 0.008222; 0.640000; {min=0.000, max=0.640}; {min=-0.160, max=0.640}; 1; 18; 1
194; 0.000; 0.000002; 0.081033; 0.095365; 0.016235; 0.008222; 0.640000; {min=0.000, max=0.640}; {min=-0.160, max=0.640}; 1; 18; 1
195; 0.000; 0.000001; 0.081033; 0.095365; 0.016235; 0.008222; 0.640000; {min=0.000, max=0.640}; {min=-0.160, max=0.640}; 1; 18; 1
196; 0.000; 0.000000; 0.081033; 0.095365; 0.016235; 0.008222; 0.640000; {min=0.000, max=0.640}; {min=-0.160, max=0.640}; 1; 18; 1
197; 0.000; 0.000000; 0.081033; 0.095365; 0.016235; 0.008222; 0.640000; {min=0.000, max=0.640}; {min=-0.160, max=0.640}; 1; 18; 1
198; 0.000; 0.000000; 0.081033; 0.095365; 0.016235; 0.008222; 0.640000; {min=0.000, max=0.640}; {min=-0.160, max=0.640}; 1; 18; 1
199; 0.000; 0.000000; 0.081033; 0.095365; 0.016235; 0.008222; 0.640000; {min=0.000, max=0.640}; {min=-0.160, max=0.640}; 1; 18; 1
200; 0.000; 0.000000; 0.081033; 0.095365; 0.016235; 0.008222; 0.640000; {min=0.000, max=0.640}; {min=-0.160, max=0.640}; 1; 18; 1
201; 0.000; 0.000001; 0.081033; 0.095365; 0.016235; 0.008222; 0.640000; {min=0.000, max=0.640}; {min=-0.160, max=0.640}; 1; 18; 1
202; 0.000; 0.000001; 0.081033; 0.095365; 0.016235; 0.008222; 0.640000; {min=0.000, max=0.640}; {min=-0.160, max=0.640}; 1; 18; 1
203; 0.000; 0.000002; 0.081033; 0.095365; 0.016235; 0.008222; 0.640000; {min=0.000, max=0.640}; {min=-0.160, max=0.640}; 1; 18; 1
204; 0.000; 0.000003; 0.081033; 0.095365; 0.016235; 0.008222; 0.640000; {min=0.000, max=0.640}; {min=-0.160, max=0.640}; 1; 18; 1
205; 0.000; 0.000006; 0.081033; 0.095365; 0.016235; 0.008222; 0.640000; {min=0.000, max=0.640}; {min=-0.161, max=0.640}; 1; 18; 1
206; 0.000; 0.000009; 0.081033; 0.095365; 0.016235; 0.008222; 0.640000; {min=0.000, max=0.640}; {min=-0.161, max=0.640}; 1; 18; 1
207; 0.000; 0.000013; 0.081033; 0.095365; 0.016235; 0.008222; 0.640000; {min=0.000, max=0.640}; {min=-0.161, max=0.640}; 1; 18; 1
208; 0.000; 0.000017; 0.081033; 0.095365; 0.016235; 0.008222; 0.640000; {min=0.000, max=0.640}; {min=-0.161, max=0.640}; 1; 18; 1
209; 0.000; 0.000018; 0.081033; 0.095365; 0.016235; 0.008222; 0.640000; {min=0.000, max=0.640}; {min=-0.161, max=0.640}; 1; 18; 1
210; 0.000; 0.000016; 0.081033; 0.095365; 0.016235; 0.008222; 0.640000; {min=0.000, max=0.640}; {min=-0.161, max=0.640}; 1; 18; 1
211; 0.000; 0.000012; 0.081033; 0.095365; 0.016235; 0.008222; 0.640000; {min=0.000, max=0.640}; {min=-0.161, max=0.640}; 1; 18; 1
212; 0.000; 0.000007; 0.081033; 0.095365; 0.016235; 0.008222; 0.640000; {min=0.000, max=0.640}; {min=-0.161, max=0.640}; 1; 18; 1
213; 0.000; 0.000004; 0.081033; 0.095365; 0.016235; 0.008222; 0.640000; {min=0.000, max=0.640}; {min=-0.161, max=0.640}; 1; 18; 1
214; 0.000; 0.000002; 0.081033; 0.095365; 0.016235; 0.008222; 0.640000; {min=0.000, max=0.640}; {min=-0.160, max=0.640}; 1; 18; 1
215; 0.000; 0.000001; 0.081033; 0.095365; 0.016235; 0.008222; 0.640000; {min=0.000, max=0.640}; {min=-0.160, max=0.640}; 1; 18; 1
216; 0.000; 0.000000; 0.081033; 0.095365; 0.016235; 0.008222; 0.640000; {min=0.000, max=0.640}; {min=-0.160, max=0.640}; 1; 18; 1
217; 0.000; 0.000000; 0.081033; 0.095365; 0.016235; 0.008222; 0.640000; {min=0.000, max=0.640}; {min=-0.160, max=0.640}; 1; 18; 1
218; 0.000; 0.000000; 0.081033; 0.095365; 0.016235; 0.008222; 0.640000; {min=0.000, max=0.640}; {min=-0.160, max=0.640}; 1; 18; 1
219; 0.000; 0.000001; 0.081033; 0.095365; 0.016235; 0.008222; 0.640000; {min=0.000, max=0.640}; {min=-0.160, max=0.640}; 1; 18; 1
220; 0.000; 0.000001; 0.081033; 0.095365; 0.016235; 0.008222; 0.640000; {min=0.000, max=0.640}; {min=-0.160, max=0.640}; 1; 18; 1
221; 0.000; 0.000002; 0.081033; 0.095365; 0.016235; 0.008222; 0.640000; {min=0.000, max=0.640}; {min=-0.160, max=0.640}; 1; 18; 1
222; 0.000; 0.000004; 0.081033; 0.095365; 0.016235; 0.008222; 0.640000; {min=0.000, max=0.640}; {min=-0.160, max=0.640}; 1; 18; 1
223; 0.000; 0.000006; 0.081033; 0.095365; 0.016235; 0.008222; 0.640000; {min=0.000, max=0.640}; {min=-0.160, max=0.640}; 1; 18; 1
224; 0.000; 0.000010; 0.081033; 0.095365; 0.016235; 0.008222; 0.640000; {min=0.000, max=0.640}; {min=-0.160, max=0.640}; 1; 18; 1
225; 0.000; 0.000014; 0.081033; 0.095365; 0.016235; 0.008222; 0.640000; {min=0.000, max=0.640}; {min=-0.160, max=0.640}; 1; 18; 1
226; 0.000; 0.000017; 0.081033; 0.095365; 0.016235; 0.008222; 0.640000; {min=0.000, max=0.640}; {min=-0.160, max=0.640}; 1; 18; 1
227; 0.000; 0.000017; 0.081033; 0.095365; 0.016235; 0.008222; 0.640000; {min=0.000, max=0.640}; {min=-0.160, max=0.640}; 1; 18; 1
228; 0.000; 0.000015; 0.081033; 0.095365; 0.016235; 0.008222; 0.640000; {min=0.000, max=0.640}; {min=-0.160, max=0.640}; 1; 18; 1
229; 0.000; 0.000011; 0.081033; 0.095365; 0.016235; 0.008222; 0.640000; {min=0.000, max=0.640}; {min=-0.160, max=0.640}; 1; 18; 1
230; 0.000; 0.000007; 0.081033; 0.095365; 0.016235; 0.008222; 0.640000; {min=0.000, max=0.640}; {min=-0.160, max=0.640}; 1; 18; 1
231; 0.000; 0.000004; 0.081033; 0.095365; 0.016235; 0.008222; 0.640000; {min=0.000, max=0.640}; {min=-0.160, max=0.640}; 1; 18; 1
232; 0.000; 0.000002; 0.081033; 0.095365; 0.016235; 0.008222; 0.640000; {min=0.000, max=0.640}; {min=-0.160, max=0.640}; 1; 18; 1
233; 0.000; 0.000001; 0.081033; 0.095365; 0.016235; 0.008222; 0.640000; {min=0.000, max=0.640}; {min=-0.160, max=0.640}; 1; 18; 1
234; 0.000; 0.000000; 0.081033; 0.095365; 0.016235; 0.008222; 0.640000; {min=0.000, max=0.640}; {min=-0.160, max=0.640}; 1; 18; 1
235; 0.000; 0.000000; 0.081033; 0.095365; 0.016235; 0.008222; 0.640000; {min=0.000, max=0.640}; {min=-0.160, max=0.640}; 1; 18; 1
236; 0.000; 0.000000; 0.081033; 0.095365; 0.016235; 0.008222; 0.640000; {min=0.000, max=0.640}; {min=-0.160, max=0.640}; 1; 18; 1
237; 0.000; 0.000000; 0.081033; 0.095365; 0.016235; 0.008222; 0.640000; {min=0.000, max=0.640}; {min=-0.160, max=0.640}; 1; 18; 1
238; 0.000; 0.000001; 0.081033; 0.095365; 0.016235; 0.008222; 0.640000; {min=0.000, max=0.640}; {min=-0.160, max=0.640}; 1; 18; 1
239; 0.000; 0.000002; 0.081033; 0.095365; 0.016235; 0.008222; 0.640000; {min=0.000, max=0.640}; {min=-0.160, max=0.640}; 1; 18; 1
240; 0.000; 0.000004; 0.081033; 0.095365; 0.016235; 0.008222; 0.640000; {min=0.000, max=0.640}; {min=-0.160, max=0.640}; 1; 18; 1
241; 0.000; 0.000006; 0.081033; 0.095365; 0.016235; 0.008222; 0.640000; {min=0.000, max=0.640}; {min=-0.160, max=0.640}; 1; 18; 1
242; 0.000; 0.000010; 0.081033; 0.095365; 0.016235; 0.008222; 0.640000; {min=0.000, max=0.640}; {min=-0.160, max=0.640}; 1; 18; 1
243; 0.000; 0.000015; 0.081033; 0.095365; 0.016235; 0.008222; 0.640000; {min=0.000, max=0.640}; {min=-0.161, max=0.640}; 1; 18; 1
244; 0.000; 0.000019; 0.081033; 0.095365; 0.016235; 0.008222; 0.640000; {min=0.000, max=0.640}; {min=-0.161, max=0.640}; 1; 18; 1
245; 0.000; 0.000020; 0.081033; 0.095365; 0.016235; 0.008222; 0.640000; {min=0.000, max=0.640}; {min=-0.161, max=0.640}; 1; 18; 1
246; 0.000; 0.000017; 0.081033; 0.095365; 0.016235; 0.008222; 0.640000; {min=0.000, max=0.640}; {min=-0.161, max=0.640}; 1; 18; 1
247; 0.000; 0.000013; 0.081033; 0.095365; 0.016235; 0.008222; 0.640000; {min=0.000, max=0.640}; {min=-0.161, max=0.640}; 1; 18; 1
248; 0.000; 0.000008; 0.081033; 0.095365; 0.016235; 0.008222; 0.640000; {min=0.000, max=0.640}; {min=-0.161, max=0.640}; 1; 18; 1
249; 0.000; 0.000005; 0.081033; 0.095365; 0.016235; 0.008222; 0.640000; {min=0.000, max=0.640}; {min=-0.160, max=0.640}; 1; 18; 1
250; 0.000; 0.000002; 0.081033; 0.095365; 0.016235; 0.008222; 0.640000; {min=0.000, max=0.640}; {min=-0.160, max=0.640}; 1; 18; 1
251; 0.000; 0.000001; 0.081033; 0.095365; 0.016235; 0.008222; 0.640000; {min=0.000, max=0.640}; {min=-0.160, max=0.640}; 1; 18; 1
252; 0.000; 0.000000; 0.081033; 0.095365; 0.016235; 0.008222; 0.640000; {min=0.000, max=0.640}; {min=-0.160, max=0.640}; 1; 18; 1
253; 0.000; 0.000000; 0.081033; 0.095365; 0.016235; 0.008222; 0.640000; {min=0.000, max=0.640}; {min=-0.160, max=0.640}; 1; 18; 1
254; 0.000; 0.000000; 0.081033; 0.095365; 0.016235; 0.008222; 0.640000; {min=0.000, max=0.640}; {min=-0.160, max=0.640}; 1; 18; 1
255; 0.000; 0.000001; 0.081033; 0.095365; 0.016235; 0.008222; 0.640000; {min=0.000, max=0.640}; {min=-0.160, max=0.640}; 1; 18; 1
256; 0.000; 0.000001; 0.081033; 0.095365; 0.016235; 0.008222; 0.640000; {min=0.000, max=0.640}; {min=-0.160, max=0.640}; 1; 18; 1
257; 0.000; 0.000002; 0.081033; 0.095365; 0.016235; 0.008222; 0.640000; {min=0.000, max=0.640}; {min=-0.160, max=0.640}; 1; 18; 1
258; 0.000; 0.000004; 0.081033; 0.095365; 0.016235; 0.008222; 0.640000; {min=0.000, max=0.640}; {min=-0.160, max=0.640}; 1; 18; 1
259; 0.000; 0.000007; 0.081033; 0.095365; 0.016235; 0.008222; 0.640000; {min=0.000, max=0.640}; {min=-0.160, max=0.640}; 1; 18; 1
260; 0.000; 0.000010; 0.081033; 0.095365; 0.016235; 0.008222; 0.640000; {min=0.000, max=0.640}; {min=-0.160, max=0.640}; 1; 18; 1
261; 0.000; 0.000014; 0.081033; 0.095365; 0.016235; 0.008222; 0.640000; {min=0.000, max=0.640}; {min=-0.160, max=0.640}; 1; 18; 1
262; 0.000; 0.000017; 0.081033; 0.095365; 0.016235; 0.008222; 0.640000; {min=0.000, max=0.640}; {min=-0.160, max=0.640}; 1; 18; 1
263; 0.000; 0.000018; 0.081033; 0.095365; 0.016235; 0.008222; 0.640000; {min=0.000, max=0.640}; {min=-0.159, max=0.640}; 1; 18; 1
264; 0.000; 0.000016; 0.081033; 0.095365; 0.016235; 0.008222; 0.640000; {min=0.000, max=0.640}; {min=-0.159, max=0.640}; 1; 18; 1
265; 0.000; 0.000012; 0.081033; 0.095365; 0.016235; 0.008222; 0.640000; {min=0.000, max=0.640}; {min=-0.160, max=0.640}; 1; 18; 1
266; 0.000; 0.000008; 0.081033; 0.095365; 0.016235; 0.008222; 0.640000; {min=0.000, max=0.640}; {min=-0.160, max=0.640}; 1; 18; 1
267; 0.000; 0.000005; 0.081033; 0.095365; 0.016235; 0.008222; 0.640000; {min=0.000, max=0.640}; {min=-0.160, max=0.640}; 1; 18; 1
268; 0.000; 0.000003; 0.081033; 0.095365; 0.016235; 0.008222; 0.640000; {min=0.000, max=0.640}; {min=-0.160, max=0.640}; 1; 18; 1
269; 0.000; 0.000001; 0.081033; 0.095365; 0.016235; 0.008222; 0.640000; {min=0.000, max=0.640}; {min=-0.160, max=0.640}; 1; 18; 1
270; 0.000; 0.000001; 0.081033; 0.095365; 0.016235; 0.008222; 0.640000; {min=0.000, max=0.640}; {min=-0.160, max=0.640}; 1; 18; 1
271; 0.000; 0.000000; 0.081033; 0.095365; 0.016235; 0.008222; 0.640000; {min=0.000, max=0.640}; {min=-0.160, max=0.640}; 1; 18; 1
272; 0.000; 0.000000; 0.081033; 0.095365; 0.016235; 0.008222; 0.640000; {min=0.000, max=0.640}; {min=-0.160, max=0.640}; 1; 18; 1
273; 0.000; 0.000001; 0.081033; 0.095365; 0.016235; 0.008222; 0.640000; {min=0.000, max=0.640}; {min=-0.160, max=0.640}; 1; 18; 1
274; 0.000; 0.000001; 0.081033; 0.095365; 0.016235; 0.008222; 0.640000; {min=0.000, max=0.640}; {min=-0.160, max=0.640}; 1; 18; 1
275; 0.000; 0.000002; 0.081033; 0.095365; 0.016235; 0.008222; 0.640000; {min=0.000, max=0.640}; {min=-0.160, max=0.640}; 1; 18; 1
276; 0.000; 0.000004; 0.081033; 0.095365; 0.016235; 0.008222; 0.640000; {min=0.000, max=0.640}; {min=-0.160, max=0.640}; 1; 18; 1
277; 0.000; 0.000008; 0.081033; 0.095365; 0.016235; 0.008222; 0.640000; {min=0.000, max=0.640}; {min=-0.160, max=0.640}; 1; 18; 1
278; 0.000; 0.000012; 0.081033; 0.095365; 0.016235; 0.008222; 0.640000; {min=0.000, max=0.640}; {min=-0.160, max=0.640}; 1; 18; 1
279; 0.000; 0.000017; 0.081033; 0.095365; 0.016235; 0.008222; 0.640000; {min=0.000, max=0.640}; {min=-0.160, max=0.640}; 1; 18; 1
280; 0.000; 0.000021; 0.081033; 0.095365; 0.016235; 0.008222; 0.640000; {min=0.000, max=0.640}; {min=-0.161, max=0.640}; 1; 18; 1
281; 0.000; 0.000021; 0.081033; 0.095365; 0.016235; 0.008222; 0.640000; {min=0.000, max=0.640}; {min=-0.161, max=0.640}; 1; 18; 1
282; 0.000; 0.000017; 0.081033; 0.095365; 0.016235; 0.008222; 0.640000; {min=0.000, max=0.640}; {min=-0.161, max=0.640}; 1; 18; 1
283; 0.000; 0.000012; 0.081033; 0.095365; 0.016235; 0.008222; 0.640000; {min=0.000, max=0.640}; {min=-0.160, max=0.640}; 1; 18; 1
284; 0.000; 0.000007; 0.081033; 0.095365; 0.016235; 0.008222; 0.640000; {min=0.000, max=0.640}; {min=-0.160, max=0.640}; 1; 18; 1
285; 0.000; 0.000004; 0.081033; 0.095365; 0.016235; 0.008222; 0.640000; {min=0.000, max=0.640}; {min=-0.160, max=0.640}; 1; 18; 1
286; 0.000; 0.000002; 0.081033; 0.095365; 0.016235; 0.008222; 0.640000; {min=0.000, max=0.640}; {min=-0.160, max=0.640}; 1; 18; 1
287; 0.000; 0.000001; 0.081033; 0.095365; 0.016235; 0.008222; 0.640000; {min=0.000, max=0.640}; {min=-0.160, max=0.640}; 1; 18; 1
288; 0.000; 0.000000; 0.081033; 0.095365; 0.016235; 0.008222; 0.640000; {min=0.000, max=0.640}; {min=-0.160, max=0.640}; 1; 18; 1
289; 0.000; 0.000000; 0.081033; 0.095365; 0.016235; 0.008222; 0.640000; {min=0.000, max=0.640}; {min=-0.160, max=0.640}; 1; 18; 1
290; 0.000; 0.000001; 0.081033; 0.095365; 0.016235; 0.008222; 0.640000; {min=0.000, max=0.640}; {min=-0.160, max=0.640}; 1; 18; 1
291; 0.000; 0.000001; 0.081033; 0.095365; 0.016235; 0.008222; 0.640000; {min=0.000, max=0.640}; {min=-0.160, max=0.640}; 1; 18; 1
292; 0.000; 0.000002; 0.081033; 0.095365; 0.016235; 0.008222; 0.640000; {min=0.000, max=0.640}; {min=-0.160, max=0.640}; 1; 18; 1
293; 0.000; 0.000004; 0.081033; 0.095365; 0.016235; 0.008222; 0.640000; {min=0.000, max=0.640}; {min=-0.160, max=0.640}; 1; 18; 1
294; 0.000; 0.000006; 0.081033; 0.095365; 0.016235; 0.008222; 0.640000; {min=0.000, max=0.640}; {min=-0.160, max=0.640}; 1; 18; 1
295; 0.000; 0.000009; 0.081033; 0.095365; 0.016235; 0.008222; 0.640000; {min=0.000, max=0.640}; {min=-0.160, max=0.640}; 1; 18; 1
296; 0.000; 0.000012; 0.081033; 0.095365; 0.016235; 0.008222; 0.640000; {min=0.000, max=0.640}; {min=-0.159, max=0.640}; 1; 18; 1
297; 0.000; 0.000015; 0.081033; 0.095365; 0.016235; 0.008222; 0.640000; {min=0.000, max=0.640}; {min=-0.159, max=0.640}; 1; 18; 1
298; 0.000; 0.000017; 0.081033; 0.095365; 0.016235; 0.008222; 0.640000; {min=0.000, max=0.640}; {min=-0.159, max=0.640}; 1; 18; 1
299; 0.000; 0.000016; 0.081033; 0.095365; 0.016235; 0.008222; 0.640000; {min=0.000, max=0.640}; {min=-0.159, max=0.640}; 1; 18; 1
300; 0.000; 0.000013; 0.081033; 0.095365; 0.016235; 0.008222; 0.640000; {min=0.000, max=0.640}; {min=-0.159, max=0.640}; 1; 18; 1
