epoch;epsilon;loss;randomF1;oracleF1;rougeF1;rougeRecall;rougePrecision;actual;pred;nselect;nskip;query
0; 1.000; 0.004670; 0.073216; 0.095365; 0.073216; 0.040596; 0.372642; {min=0.000, max=0.008}; {min=-0.102, max=0.197}; 12; 7; 1
1; 0.967; 0.002970; 0.073216; 0.095365; 0.073216; 0.040596; 0.372642; {min=0.000, max=0.008}; {min=-0.131, max=0.171}; 12; 7; 1
2; 0.933; 0.002365; 0.073216; 0.095365; 0.073216; 0.040596; 0.372642; {min=0.000, max=0.008}; {min=-0.136, max=0.160}; 12; 7; 1
3; 0.900; 0.002126; 0.073216; 0.095365; 0.073182; 0.040596; 0.370892; {min=0.000, max=0.008}; {min=-0.135, max=0.154}; 13; 6; 1
4; 0.867; 0.001800; 0.073216; 0.095365; 0.073182; 0.040596; 0.370892; {min=0.000, max=0.008}; {min=-0.131, max=0.151}; 11; 8; 1
5; 0.833; 0.001685; 0.073216; 0.095365; 0.073182; 0.040596; 0.370892; {min=0.000, max=0.008}; {min=-0.131, max=0.147}; 11; 8; 1
6; 0.800; 0.001621; 0.073216; 0.095365; 0.073182; 0.040596; 0.370892; {min=0.000, max=0.008}; {min=-0.130, max=0.144}; 11; 8; 1
7; 0.767; 0.001356; 0.073216; 0.095365; 0.073182; 0.040596; 0.370892; {min=0.000, max=0.008}; {min=-0.132, max=0.139}; 11; 8; 1
8; 0.733; 0.001254; 0.073216; 0.095365; 0.073182; 0.040596; 0.370892; {min=0.000, max=0.008}; {min=-0.130, max=0.137}; 11; 8; 1
9; 0.700; 0.001104; 0.073216; 0.095365; 0.073182; 0.040596; 0.370892; {min=0.000, max=0.008}; {min=-0.129, max=0.136}; 11; 8; 1
10; 0.667; 0.001069; 0.073216; 0.095365; 0.073182; 0.040596; 0.370892; {min=0.000, max=0.008}; {min=-0.127, max=0.134}; 11; 8; 1
11; 0.633; 0.000987; 0.073216; 0.095365; 0.083333; 0.046763; 0.382353; {min=0.000, max=0.008}; {min=-0.124, max=0.133}; 11; 8; 1
12; 0.600; 0.000854; 0.073216; 0.095365; 0.083333; 0.046763; 0.382353; {min=0.000, max=0.008}; {min=-0.123, max=0.132}; 11; 8; 1
13; 0.567; 0.000820; 0.073216; 0.095365; 0.083333; 0.046763; 0.382353; {min=0.000, max=0.008}; {min=-0.121, max=0.131}; 11; 8; 1
14; 0.533; 0.000762; 0.073216; 0.095365; 0.083333; 0.046763; 0.382353; {min=0.000, max=0.008}; {min=-0.119, max=0.130}; 11; 8; 1
15; 0.500; 0.000712; 0.073216; 0.095365; 0.083372; 0.046763; 0.383966; {min=0.000, max=0.008}; {min=-0.116, max=0.131}; 11; 8; 1
16; 0.467; 0.000621; 0.073216; 0.095365; 0.083372; 0.046763; 0.383966; {min=0.000, max=0.008}; {min=-0.115, max=0.130}; 11; 8; 1
17; 0.433; 0.000570; 0.073216; 0.095365; 0.083372; 0.046763; 0.383966; {min=0.000, max=0.008}; {min=-0.115, max=0.129}; 11; 8; 1
18; 0.400; 0.000534; 0.073216; 0.095365; 0.083372; 0.046763; 0.383966; {min=0.000, max=0.008}; {min=-0.113, max=0.129}; 11; 8; 1
19; 0.367; 0.000732; 0.073216; 0.095365; 0.083372; 0.046763; 0.383966; {min=0.000, max=0.008}; {min=-0.111, max=0.129}; 11; 8; 1
20; 0.333; 0.000796; 0.073216; 0.095365; 0.083372; 0.046763; 0.383966; {min=0.000, max=0.008}; {min=-0.107, max=0.130}; 12; 7; 1
21; 0.300; 0.000811; 0.073216; 0.095365; 0.073216; 0.040596; 0.372642; {min=0.000, max=0.008}; {min=-0.103, max=0.131}; 11; 8; 1
22; 0.267; 0.000954; 0.073216; 0.095365; 0.073216; 0.040596; 0.372642; {min=0.000, max=0.008}; {min=-0.098, max=0.132}; 11; 8; 1
23; 0.233; 0.000907; 0.073216; 0.095365; 0.070323; 0.038541; 0.401070; {min=0.000, max=0.008}; {min=-0.093, max=0.132}; 10; 9; 1
24; 0.200; 0.001091; 0.073216; 0.095365; 0.070323; 0.038541; 0.401070; {min=0.000, max=0.008}; {min=-0.090, max=0.131}; 10; 9; 1
25; 0.167; 0.001001; 0.073216; 0.095365; 0.070323; 0.038541; 0.401070; {min=0.000, max=0.008}; {min=-0.085, max=0.131}; 10; 9; 1
26; 0.133; 0.000831; 0.073216; 0.095365; 0.070323; 0.038541; 0.401070; {min=0.000, max=0.008}; {min=-0.084, max=0.128}; 9; 10; 1
27; 0.100; 0.000900; 0.073216; 0.095365; 0.073216; 0.040596; 0.372642; {min=0.000, max=0.008}; {min=-0.085, max=0.125}; 9; 10; 1
28; 0.067; 0.000787; 0.073216; 0.095365; 0.073216; 0.040596; 0.372642; {min=0.000, max=0.008}; {min=-0.085, max=0.122}; 10; 9; 1
29; 0.050; 0.000839; 0.073216; 0.095365; 0.073216; 0.040596; 0.372642; {min=0.000, max=0.008}; {min=-0.085, max=0.118}; 10; 9; 1
30; 0.050; 0.000671; 0.073216; 0.095365; 0.073216; 0.040596; 0.372642; {min=0.000, max=0.008}; {min=-0.083, max=0.116}; 10; 9; 1
31; 0.050; 0.000645; 0.073216; 0.095365; 0.073216; 0.040596; 0.372642; {min=0.000, max=0.008}; {min=-0.083, max=0.113}; 10; 9; 1
32; 0.050; 0.000619; 0.073216; 0.095365; 0.073216; 0.040596; 0.372642; {min=0.000, max=0.008}; {min=-0.082, max=0.111}; 10; 9; 1
33; 0.050; 0.000591; 0.073216; 0.095365; 0.073216; 0.040596; 0.372642; {min=0.000, max=0.008}; {min=-0.081, max=0.108}; 10; 9; 1
34; 0.050; 0.000531; 0.073216; 0.095365; 0.073216; 0.040596; 0.372642; {min=0.000, max=0.008}; {min=-0.080, max=0.106}; 10; 9; 1
35; 0.050; 0.000492; 0.073216; 0.095365; 0.073216; 0.040596; 0.372642; {min=0.000, max=0.008}; {min=-0.079, max=0.104}; 10; 9; 1
36; 0.050; 0.000465; 0.073216; 0.095365; 0.073216; 0.040596; 0.372642; {min=0.000, max=0.008}; {min=-0.079, max=0.102}; 10; 9; 1
37; 0.050; 0.000433; 0.073216; 0.095365; 0.073216; 0.040596; 0.372642; {min=0.000, max=0.008}; {min=-0.078, max=0.099}; 10; 9; 1
38; 0.050; 0.000412; 0.073216; 0.095365; 0.073216; 0.040596; 0.372642; {min=0.000, max=0.008}; {min=-0.078, max=0.097}; 10; 9; 1
39; 0.050; 0.000394; 0.073216; 0.095365; 0.073216; 0.040596; 0.372642; {min=0.000, max=0.008}; {min=-0.077, max=0.095}; 10; 9; 1
40; 0.050; 0.000368; 0.073216; 0.095365; 0.063760; 0.034943; 0.363636; {min=0.000, max=0.008}; {min=-0.077, max=0.093}; 9; 10; 1
41; 0.050; 0.000349; 0.073216; 0.095365; 0.063918; 0.035457; 0.323944; {min=0.000, max=0.008}; {min=-0.076, max=0.091}; 11; 8; 1
42; 0.050; 0.000335; 0.073216; 0.095365; 0.063918; 0.035457; 0.323944; {min=0.000, max=0.008}; {min=-0.076, max=0.089}; 11; 8; 1
43; 0.050; 0.000318; 0.073216; 0.095365; 0.073260; 0.041110; 0.336134; {min=0.000, max=0.008}; {min=-0.076, max=0.087}; 12; 7; 1
44; 0.050; 0.000305; 0.073216; 0.095365; 0.073260; 0.041110; 0.336134; {min=0.000, max=0.008}; {min=-0.076, max=0.086}; 12; 7; 1
45; 0.050; 0.000289; 0.073216; 0.095365; 0.073260; 0.041110; 0.336134; {min=0.000, max=0.008}; {min=-0.076, max=0.084}; 12; 7; 1
46; 0.050; 0.000277; 0.073216; 0.095365; 0.073260; 0.041110; 0.336134; {min=0.000, max=0.008}; {min=-0.077, max=0.082}; 12; 7; 1
47; 0.050; 0.000263; 0.073216; 0.095365; 0.073260; 0.041110; 0.336134; {min=0.000, max=0.008}; {min=-0.077, max=0.080}; 12; 7; 1
48; 0.050; 0.000249; 0.073216; 0.095365; 0.073260; 0.041110; 0.336134; {min=0.000, max=0.008}; {min=-0.077, max=0.079}; 12; 7; 1
49; 0.050; 0.000234; 0.073216; 0.095365; 0.073260; 0.041110; 0.336134; {min=0.000, max=0.008}; {min=-0.078, max=0.078}; 12; 7; 1
50; 0.050; 0.000223; 0.073216; 0.095365; 0.063918; 0.035457; 0.323944; {min=0.000, max=0.008}; {min=-0.078, max=0.077}; 11; 8; 1
51; 0.050; 0.000216; 0.073216; 0.095365; 0.063918; 0.035457; 0.323944; {min=0.000, max=0.008}; {min=-0.078, max=0.075}; 11; 8; 1
52; 0.050; 0.000209; 0.073216; 0.095365; 0.063918; 0.035457; 0.323944; {min=0.000, max=0.008}; {min=-0.078, max=0.074}; 11; 8; 1
53; 0.050; 0.000197; 0.073216; 0.095365; 0.063918; 0.035457; 0.323944; {min=0.000, max=0.008}; {min=-0.079, max=0.072}; 11; 8; 1
54; 0.050; 0.000191; 0.073216; 0.095365; 0.063918; 0.035457; 0.323944; {min=0.000, max=0.008}; {min=-0.080, max=0.071}; 11; 8; 1
55; 0.050; 0.000183; 0.073216; 0.095365; 0.073260; 0.041110; 0.336134; {min=0.000, max=0.008}; {min=-0.080, max=0.069}; 12; 7; 1
56; 0.050; 0.000176; 0.073216; 0.095365; 0.073260; 0.041110; 0.336134; {min=0.000, max=0.008}; {min=-0.081, max=0.068}; 12; 7; 1
57; 0.050; 0.000163; 0.073216; 0.095365; 0.073260; 0.041110; 0.336134; {min=0.000, max=0.008}; {min=-0.082, max=0.066}; 12; 7; 1
58; 0.050; 0.000155; 0.073216; 0.095365; 0.073260; 0.041110; 0.336134; {min=0.000, max=0.008}; {min=-0.082, max=0.065}; 12; 7; 1
59; 0.050; 0.000145; 0.073216; 0.095365; 0.073260; 0.041110; 0.336134; {min=0.000, max=0.008}; {min=-0.081, max=0.064}; 12; 7; 1
60; 0.050; 0.000137; 0.073216; 0.095365; 0.073260; 0.041110; 0.336134; {min=0.000, max=0.008}; {min=-0.081, max=0.064}; 12; 7; 1
61; 0.050; 0.000130; 0.073216; 0.095365; 0.073260; 0.041110; 0.336134; {min=0.000, max=0.008}; {min=-0.081, max=0.063}; 12; 7; 1
62; 0.050; 0.000122; 0.073216; 0.095365; 0.073260; 0.041110; 0.336134; {min=0.000, max=0.008}; {min=-0.081, max=0.062}; 12; 7; 1
63; 0.050; 0.000116; 0.073216; 0.095365; 0.073260; 0.041110; 0.336134; {min=0.000, max=0.008}; {min=-0.081, max=0.061}; 12; 7; 1
64; 0.050; 0.000117; 0.073216; 0.095365; 0.073260; 0.041110; 0.336134; {min=0.000, max=0.008}; {min=-0.082, max=0.060}; 12; 7; 1
65; 0.050; 0.000110; 0.073216; 0.095365; 0.073260; 0.041110; 0.336134; {min=0.000, max=0.008}; {min=-0.082, max=0.059}; 12; 7; 1
66; 0.050; 0.000102; 0.073216; 0.095365; 0.073260; 0.041110; 0.336134; {min=0.000, max=0.008}; {min=-0.082, max=0.057}; 12; 7; 1
67; 0.050; 0.000097; 0.073216; 0.095365; 0.073260; 0.041110; 0.336134; {min=0.000, max=0.008}; {min=-0.083, max=0.057}; 12; 7; 1
68; 0.050; 0.000092; 0.073216; 0.095365; 0.073260; 0.041110; 0.336134; {min=0.000, max=0.008}; {min=-0.083, max=0.056}; 12; 7; 1
69; 0.050; 0.000082; 0.073216; 0.095365; 0.073260; 0.041110; 0.336134; {min=0.000, max=0.008}; {min=-0.083, max=0.055}; 12; 7; 1
70; 0.050; 0.000077; 0.073216; 0.095365; 0.073260; 0.041110; 0.336134; {min=0.000, max=0.008}; {min=-0.082, max=0.054}; 12; 7; 1
71; 0.050; 0.000074; 0.073216; 0.095365; 0.063918; 0.035457; 0.323944; {min=0.000, max=0.008}; {min=-0.082, max=0.054}; 11; 8; 1
72; 0.050; 0.000070; 0.073216; 0.095365; 0.063918; 0.035457; 0.323944; {min=0.000, max=0.008}; {min=-0.082, max=0.053}; 11; 8; 1
73; 0.050; 0.000070; 0.073216; 0.095365; 0.063918; 0.035457; 0.323944; {min=0.000, max=0.008}; {min=-0.083, max=0.052}; 11; 8; 1
74; 0.050; 0.000067; 0.073216; 0.095365; 0.063918; 0.035457; 0.323944; {min=0.000, max=0.008}; {min=-0.083, max=0.051}; 11; 8; 1
75; 0.050; 0.000067; 0.073216; 0.095365; 0.063918; 0.035457; 0.323944; {min=0.000, max=0.008}; {min=-0.083, max=0.050}; 11; 8; 1
76; 0.050; 0.000066; 0.073216; 0.095365; 0.073260; 0.041110; 0.336134; {min=0.000, max=0.008}; {min=-0.084, max=0.049}; 12; 7; 1
77; 0.050; 0.000065; 0.073216; 0.095365; 0.073260; 0.041110; 0.336134; {min=0.000, max=0.008}; {min=-0.084, max=0.048}; 12; 7; 1
78; 0.050; 0.000060; 0.073216; 0.095365; 0.073260; 0.041110; 0.336134; {min=0.000, max=0.008}; {min=-0.085, max=0.047}; 12; 7; 1
79; 0.050; 0.000057; 0.073216; 0.095365; 0.073260; 0.041110; 0.336134; {min=0.000, max=0.008}; {min=-0.085, max=0.046}; 12; 7; 1
80; 0.050; 0.000052; 0.073216; 0.095365; 0.073260; 0.041110; 0.336134; {min=0.000, max=0.008}; {min=-0.085, max=0.046}; 12; 7; 1
81; 0.050; 0.000048; 0.073216; 0.095365; 0.073260; 0.041110; 0.336134; {min=0.000, max=0.008}; {min=-0.085, max=0.045}; 12; 7; 1
82; 0.050; 0.000045; 0.073216; 0.095365; 0.073260; 0.041110; 0.336134; {min=0.000, max=0.008}; {min=-0.084, max=0.045}; 12; 7; 1
83; 0.050; 0.000042; 0.073216; 0.095365; 0.073260; 0.041110; 0.336134; {min=0.000, max=0.008}; {min=-0.084, max=0.045}; 12; 7; 1
84; 0.050; 0.000040; 0.073216; 0.095365; 0.073260; 0.041110; 0.336134; {min=0.000, max=0.008}; {min=-0.084, max=0.044}; 12; 7; 1
85; 0.050; 0.000045; 0.073216; 0.095365; 0.073260; 0.041110; 0.336134; {min=0.000, max=0.008}; {min=-0.085, max=0.043}; 12; 7; 1
86; 0.050; 0.000039; 0.073216; 0.095365; 0.086879; 0.049846; 0.337979; {min=0.000, max=0.008}; {min=-0.085, max=0.043}; 14; 5; 1
87; 0.050; 0.000032; 0.073216; 0.095365; 0.086879; 0.049846; 0.337979; {min=0.000, max=0.008}; {min=-0.085, max=0.043}; 14; 5; 1
88; 0.050; 0.000031; 0.073216; 0.095365; 0.086879; 0.049846; 0.337979; {min=0.000, max=0.008}; {min=-0.085, max=0.042}; 14; 5; 1
89; 0.050; 0.000031; 0.073216; 0.095365; 0.079710; 0.045221; 0.335878; {min=0.000, max=0.008}; {min=-0.085, max=0.042}; 13; 6; 1
90; 0.050; 0.000024; 0.073216; 0.095365; 0.086879; 0.049846; 0.337979; {min=0.000, max=0.008}; {min=-0.085, max=0.042}; 14; 5; 1
91; 0.050; 0.000018; 0.073216; 0.095365; 0.086879; 0.049846; 0.337979; {min=0.000, max=0.008}; {min=-0.084, max=0.042}; 14; 5; 1
92; 0.050; 0.000026; 0.073216; 0.095365; 0.073260; 0.041110; 0.336134; {min=0.000, max=0.008}; {min=-0.084, max=0.042}; 12; 7; 1
93; 0.050; 0.000017; 0.073216; 0.095365; 0.086879; 0.049846; 0.337979; {min=0.000, max=0.008}; {min=-0.084, max=0.041}; 14; 5; 1
94; 0.050; 0.000019; 0.073216; 0.095365; 0.079710; 0.045221; 0.335878; {min=0.000, max=0.008}; {min=-0.084, max=0.041}; 13; 6; 1
95; 0.050; 0.000020; 0.073216; 0.095365; 0.086879; 0.049846; 0.337979; {min=0.000, max=0.008}; {min=-0.084, max=0.041}; 14; 5; 1
96; 0.050; 0.000017; 0.073216; 0.095365; 0.086879; 0.049846; 0.337979; {min=0.000, max=0.008}; {min=-0.084, max=0.041}; 14; 5; 1
97; 0.050; 0.000016; 0.073216; 0.095365; 0.086879; 0.049846; 0.337979; {min=0.000, max=0.008}; {min=-0.084, max=0.040}; 14; 5; 1
98; 0.050; 0.000011; 0.073216; 0.095365; 0.086879; 0.049846; 0.337979; {min=0.000, max=0.008}; {min=-0.084, max=0.040}; 14; 5; 1
99; 0.050; 0.000018; 0.073216; 0.095365; 0.070545; 0.039568; 0.324895; {min=0.000, max=0.008}; {min=-0.084, max=0.040}; 12; 7; 1
100; 0.050; 0.000015; 0.073216; 0.095365; 0.086879; 0.049846; 0.337979; {min=0.000, max=0.008}; {min=-0.085, max=0.040}; 14; 5; 1
101; 0.050; 0.000020; 0.073216; 0.095365; 0.086879; 0.049846; 0.337979; {min=0.000, max=0.008}; {min=-0.084, max=0.040}; 14; 5; 1
102; 0.050; 0.000013; 0.073216; 0.095365; 0.086879; 0.049846; 0.337979; {min=0.000, max=0.008}; {min=-0.085, max=0.039}; 14; 5; 1
103; 0.017; 0.000014; 0.073216; 0.095365; 0.086879; 0.049846; 0.337979; {min=0.000, max=0.008}; {min=-0.085, max=0.039}; 14; 5; 1
104; 0.000; 0.000013; 0.073216; 0.095365; 0.086879; 0.049846; 0.337979; {min=0.000, max=0.008}; {min=-0.085, max=0.039}; 14; 5; 1
105; 0.000; 0.000017; 0.073216; 0.095365; 0.079710; 0.045221; 0.335878; {min=0.000, max=0.008}; {min=-0.085, max=0.039}; 13; 6; 1
106; 0.000; 0.000017; 0.073216; 0.095365; 0.086879; 0.049846; 0.337979; {min=0.000, max=0.008}; {min=-0.085, max=0.039}; 14; 5; 1
107; 0.000; 0.000007; 0.073216; 0.095365; 0.086879; 0.049846; 0.337979; {min=0.000, max=0.008}; {min=-0.085, max=0.038}; 14; 5; 1
108; 0.000; 0.000015; 0.073216; 0.095365; 0.079710; 0.045221; 0.335878; {min=0.000, max=0.008}; {min=-0.084, max=0.039}; 13; 6; 1
109; 0.000; 0.000011; 0.073216; 0.095365; 0.086879; 0.049846; 0.337979; {min=0.000, max=0.008}; {min=-0.085, max=0.038}; 14; 5; 1
110; 0.000; 0.000012; 0.073216; 0.095365; 0.086879; 0.049846; 0.337979; {min=0.000, max=0.008}; {min=-0.085, max=0.038}; 14; 5; 1
111; 0.000; 0.000013; 0.073216; 0.095365; 0.079710; 0.045221; 0.335878; {min=0.000, max=0.008}; {min=-0.085, max=0.038}; 13; 6; 1
112; 0.000; 0.000015; 0.073216; 0.095365; 0.086879; 0.049846; 0.337979; {min=0.000, max=0.008}; {min=-0.085, max=0.038}; 14; 5; 1
113; 0.000; 0.000016; 0.073216; 0.095365; 0.086879; 0.049846; 0.337979; {min=0.000, max=0.008}; {min=-0.086, max=0.038}; 14; 5; 1
114; 0.000; 0.000009; 0.073216; 0.095365; 0.086879; 0.049846; 0.337979; {min=0.000, max=0.008}; {min=-0.086, max=0.037}; 14; 5; 1
115; 0.000; 0.000009; 0.073216; 0.095365; 0.086879; 0.049846; 0.337979; {min=0.000, max=0.008}; {min=-0.085, max=0.037}; 14; 5; 1
116; 0.000; 0.000005; 0.073216; 0.095365; 0.086879; 0.049846; 0.337979; {min=0.000, max=0.008}; {min=-0.085, max=0.037}; 14; 5; 1
117; 0.000; 0.000008; 0.073216; 0.095365; 0.079710; 0.045221; 0.335878; {min=0.000, max=0.008}; {min=-0.085, max=0.037}; 13; 6; 1
118; 0.000; 0.000012; 0.073216; 0.095365; 0.086879; 0.049846; 0.337979; {min=0.000, max=0.008}; {min=-0.085, max=0.037}; 14; 5; 1
119; 0.000; 0.000004; 0.073216; 0.095365; 0.086879; 0.049846; 0.337979; {min=0.000, max=0.008}; {min=-0.086, max=0.037}; 14; 5; 1
120; 0.000; 0.000007; 0.073216; 0.095365; 0.086879; 0.049846; 0.337979; {min=0.000, max=0.008}; {min=-0.085, max=0.036}; 14; 5; 1
121; 0.000; 0.000004; 0.073216; 0.095365; 0.086879; 0.049846; 0.337979; {min=0.000, max=0.008}; {min=-0.085, max=0.036}; 14; 5; 1
122; 0.000; 0.000003; 0.073216; 0.095365; 0.086879; 0.049846; 0.337979; {min=0.000, max=0.008}; {min=-0.085, max=0.036}; 14; 5; 1
123; 0.000; 0.000006; 0.073216; 0.095365; 0.079710; 0.045221; 0.335878; {min=0.000, max=0.008}; {min=-0.085, max=0.036}; 13; 6; 1
124; 0.000; 0.000011; 0.073216; 0.095365; 0.086879; 0.049846; 0.337979; {min=0.000, max=0.008}; {min=-0.085, max=0.036}; 14; 5; 1
125; 0.000; 0.000003; 0.073216; 0.095365; 0.086879; 0.049846; 0.337979; {min=0.000, max=0.008}; {min=-0.086, max=0.036}; 14; 5; 1
126; 0.000; 0.000006; 0.073216; 0.095365; 0.086879; 0.049846; 0.337979; {min=0.000, max=0.008}; {min=-0.085, max=0.035}; 14; 5; 1
127; 0.000; 0.000003; 0.073216; 0.095365; 0.086879; 0.049846; 0.337979; {min=0.000, max=0.008}; {min=-0.085, max=0.035}; 14; 5; 1
128; 0.000; 0.000003; 0.073216; 0.095365; 0.086879; 0.049846; 0.337979; {min=0.000, max=0.008}; {min=-0.085, max=0.035}; 14; 5; 1
129; 0.000; 0.000005; 0.073216; 0.095365; 0.079710; 0.045221; 0.335878; {min=0.000, max=0.008}; {min=-0.085, max=0.035}; 13; 6; 1
130; 0.000; 0.000010; 0.073216; 0.095365; 0.086879; 0.049846; 0.337979; {min=0.000, max=0.008}; {min=-0.085, max=0.035}; 14; 5; 1
131; 0.000; 0.000003; 0.073216; 0.095365; 0.086879; 0.049846; 0.337979; {min=0.000, max=0.008}; {min=-0.086, max=0.035}; 14; 5; 1
132; 0.000; 0.000005; 0.073216; 0.095365; 0.086879; 0.049846; 0.337979; {min=0.000, max=0.008}; {min=-0.085, max=0.035}; 14; 5; 1
133; 0.000; 0.000002; 0.073216; 0.095365; 0.086879; 0.049846; 0.337979; {min=0.000, max=0.008}; {min=-0.086, max=0.035}; 14; 5; 1
134; 0.000; 0.000002; 0.073216; 0.095365; 0.086879; 0.049846; 0.337979; {min=0.000, max=0.008}; {min=-0.085, max=0.035}; 14; 5; 1
135; 0.000; 0.000001; 0.073216; 0.095365; 0.086879; 0.049846; 0.337979; {min=0.000, max=0.008}; {min=-0.085, max=0.034}; 14; 5; 1
136; 0.000; 0.000006; 0.073216; 0.095365; 0.086879; 0.049846; 0.337979; {min=0.000, max=0.008}; {min=-0.085, max=0.034}; 14; 5; 1
137; 0.000; 0.000002; 0.073216; 0.095365; 0.086879; 0.049846; 0.337979; {min=0.000, max=0.008}; {min=-0.086, max=0.034}; 14; 5; 1
138; 0.000; 0.000001; 0.073216; 0.095365; 0.086879; 0.049846; 0.337979; {min=0.000, max=0.008}; {min=-0.085, max=0.034}; 14; 5; 1
139; 0.000; 0.000001; 0.073216; 0.095365; 0.086879; 0.049846; 0.337979; {min=0.000, max=0.008}; {min=-0.085, max=0.034}; 14; 5; 1
140; 0.000; 0.000004; 0.073216; 0.095365; 0.079710; 0.045221; 0.335878; {min=0.000, max=0.008}; {min=-0.085, max=0.034}; 13; 6; 1
141; 0.000; 0.000004; 0.073216; 0.095365; 0.086879; 0.049846; 0.337979; {min=0.000, max=0.008}; {min=-0.085, max=0.034}; 14; 5; 1
142; 0.000; 0.000001; 0.073216; 0.095365; 0.086879; 0.049846; 0.337979; {min=0.000, max=0.008}; {min=-0.086, max=0.034}; 14; 5; 1
143; 0.000; 0.000004; 0.073216; 0.095365; 0.086879; 0.049846; 0.337979; {min=0.000, max=0.008}; {min=-0.085, max=0.034}; 14; 5; 1
144; 0.000; 0.000001; 0.073216; 0.095365; 0.086879; 0.049846; 0.337979; {min=0.000, max=0.008}; {min=-0.086, max=0.034}; 14; 5; 1
145; 0.000; 0.000001; 0.073216; 0.095365; 0.086879; 0.049846; 0.337979; {min=0.000, max=0.008}; {min=-0.085, max=0.034}; 14; 5; 1
146; 0.000; 0.000001; 0.073216; 0.095365; 0.086879; 0.049846; 0.337979; {min=0.000, max=0.008}; {min=-0.085, max=0.034}; 14; 5; 1
147; 0.000; 0.000004; 0.073216; 0.095365; 0.086879; 0.049846; 0.337979; {min=0.000, max=0.008}; {min=-0.085, max=0.034}; 14; 5; 1
148; 0.000; 0.000001; 0.073216; 0.095365; 0.086879; 0.049846; 0.337979; {min=0.000, max=0.008}; {min=-0.086, max=0.034}; 14; 5; 1
149; 0.000; 0.000001; 0.073216; 0.095365; 0.086879; 0.049846; 0.337979; {min=0.000, max=0.008}; {min=-0.085, max=0.034}; 14; 5; 1
150; 0.000; 0.000001; 0.073216; 0.095365; 0.086879; 0.049846; 0.337979; {min=0.000, max=0.008}; {min=-0.085, max=0.034}; 14; 5; 1
151; 0.000; 0.000001; 0.073216; 0.095365; 0.086879; 0.049846; 0.337979; {min=0.000, max=0.008}; {min=-0.085, max=0.034}; 14; 5; 1
152; 0.000; 0.000000; 0.073216; 0.095365; 0.086879; 0.049846; 0.337979; {min=0.000, max=0.008}; {min=-0.085, max=0.034}; 14; 5; 1
153; 0.000; 0.000001; 0.073216; 0.095365; 0.086879; 0.049846; 0.337979; {min=0.000, max=0.008}; {min=-0.085, max=0.034}; 14; 5; 1
154; 0.000; 0.000001; 0.073216; 0.095365; 0.086879; 0.049846; 0.337979; {min=0.000, max=0.008}; {min=-0.086, max=0.034}; 14; 5; 1
155; 0.000; 0.000000; 0.073216; 0.095365; 0.086879; 0.049846; 0.337979; {min=0.000, max=0.008}; {min=-0.085, max=0.034}; 14; 5; 1
156; 0.000; 0.000000; 0.073216; 0.095365; 0.086879; 0.049846; 0.337979; {min=0.000, max=0.008}; {min=-0.085, max=0.034}; 14; 5; 1
157; 0.000; 0.000000; 0.073216; 0.095365; 0.086879; 0.049846; 0.337979; {min=0.000, max=0.008}; {min=-0.085, max=0.034}; 14; 5; 1
158; 0.000; 0.000000; 0.073216; 0.095365; 0.086879; 0.049846; 0.337979; {min=0.000, max=0.008}; {min=-0.085, max=0.034}; 14; 5; 1
159; 0.000; 0.000003; 0.073216; 0.095365; 0.079710; 0.045221; 0.335878; {min=0.000, max=0.008}; {min=-0.085, max=0.034}; 13; 6; 1
160; 0.000; 0.000004; 0.073216; 0.095365; 0.086879; 0.049846; 0.337979; {min=0.000, max=0.008}; {min=-0.086, max=0.034}; 14; 5; 1
161; 0.000; 0.000001; 0.073216; 0.095365; 0.086879; 0.049846; 0.337979; {min=0.000, max=0.008}; {min=-0.086, max=0.034}; 14; 5; 1
162; 0.000; 0.000003; 0.073216; 0.095365; 0.086879; 0.049846; 0.337979; {min=0.000, max=0.008}; {min=-0.085, max=0.034}; 14; 5; 1
163; 0.000; 0.000001; 0.073216; 0.095365; 0.086879; 0.049846; 0.337979; {min=0.000, max=0.008}; {min=-0.086, max=0.034}; 14; 5; 1
164; 0.000; 0.000001; 0.073216; 0.095365; 0.086879; 0.049846; 0.337979; {min=0.000, max=0.008}; {min=-0.086, max=0.034}; 14; 5; 1
165; 0.000; 0.000001; 0.073216; 0.095365; 0.086879; 0.049846; 0.337979; {min=0.000, max=0.008}; {min=-0.086, max=0.034}; 14; 5; 1
166; 0.000; 0.000004; 0.073216; 0.095365; 0.086879; 0.049846; 0.337979; {min=0.000, max=0.008}; {min=-0.086, max=0.034}; 14; 5; 1
167; 0.000; 0.000001; 0.073216; 0.095365; 0.086879; 0.049846; 0.337979; {min=0.000, max=0.008}; {min=-0.086, max=0.034}; 14; 5; 1
168; 0.000; 0.000001; 0.073216; 0.095365; 0.086879; 0.049846; 0.337979; {min=0.000, max=0.008}; {min=-0.086, max=0.034}; 14; 5; 1
169; 0.000; 0.000000; 0.073216; 0.095365; 0.086879; 0.049846; 0.337979; {min=0.000, max=0.008}; {min=-0.086, max=0.034}; 14; 5; 1
170; 0.000; 0.000000; 0.073216; 0.095365; 0.086879; 0.049846; 0.337979; {min=0.000, max=0.008}; {min=-0.085, max=0.034}; 14; 5; 1
171; 0.000; 0.000000; 0.073216; 0.095365; 0.086879; 0.049846; 0.337979; {min=0.000, max=0.008}; {min=-0.085, max=0.034}; 14; 5; 1
172; 0.000; 0.000001; 0.073216; 0.095365; 0.086879; 0.049846; 0.337979; {min=0.000, max=0.008}; {min=-0.085, max=0.034}; 14; 5; 1
173; 0.000; 0.000000; 0.073216; 0.095365; 0.086879; 0.049846; 0.337979; {min=0.000, max=0.008}; {min=-0.086, max=0.034}; 14; 5; 1
174; 0.000; 0.000000; 0.073216; 0.095365; 0.086879; 0.049846; 0.337979; {min=0.000, max=0.008}; {min=-0.086, max=0.034}; 14; 5; 1
175; 0.000; 0.000000; 0.073216; 0.095365; 0.086879; 0.049846; 0.337979; {min=0.000, max=0.008}; {min=-0.086, max=0.034}; 14; 5; 1
176; 0.000; 0.000000; 0.073216; 0.095365; 0.086879; 0.049846; 0.337979; {min=0.000, max=0.008}; {min=-0.086, max=0.034}; 14; 5; 1
177; 0.000; 0.000000; 0.073216; 0.095365; 0.086879; 0.049846; 0.337979; {min=0.000, max=0.008}; {min=-0.086, max=0.034}; 14; 5; 1
178; 0.000; 0.000000; 0.073216; 0.095365; 0.086879; 0.049846; 0.337979; {min=0.000, max=0.008}; {min=-0.086, max=0.034}; 14; 5; 1
179; 0.000; 0.000000; 0.073216; 0.095365; 0.086879; 0.049846; 0.337979; {min=0.000, max=0.008}; {min=-0.086, max=0.034}; 14; 5; 1
180; 0.000; 0.000000; 0.073216; 0.095365; 0.086879; 0.049846; 0.337979; {min=0.000, max=0.008}; {min=-0.086, max=0.034}; 14; 5; 1
181; 0.000; 0.000000; 0.073216; 0.095365; 0.086879; 0.049846; 0.337979; {min=0.000, max=0.008}; {min=-0.086, max=0.034}; 14; 5; 1
182; 0.000; 0.000000; 0.073216; 0.095365; 0.086879; 0.049846; 0.337979; {min=0.000, max=0.008}; {min=-0.086, max=0.034}; 14; 5; 1
183; 0.000; 0.000000; 0.073216; 0.095365; 0.086879; 0.049846; 0.337979; {min=0.000, max=0.008}; {min=-0.086, max=0.034}; 14; 5; 1
184; 0.000; 0.000000; 0.073216; 0.095365; 0.086879; 0.049846; 0.337979; {min=0.000, max=0.008}; {min=-0.086, max=0.034}; 14; 5; 1
185; 0.000; 0.000000; 0.073216; 0.095365; 0.086879; 0.049846; 0.337979; {min=0.000, max=0.008}; {min=-0.086, max=0.034}; 14; 5; 1
186; 0.000; 0.000000; 0.073216; 0.095365; 0.086879; 0.049846; 0.337979; {min=0.000, max=0.008}; {min=-0.086, max=0.034}; 14; 5; 1
187; 0.000; 0.000000; 0.073216; 0.095365; 0.086879; 0.049846; 0.337979; {min=0.000, max=0.008}; {min=-0.086, max=0.034}; 14; 5; 1
188; 0.000; 0.000000; 0.073216; 0.095365; 0.086879; 0.049846; 0.337979; {min=0.000, max=0.008}; {min=-0.086, max=0.034}; 14; 5; 1
189; 0.000; 0.000000; 0.073216; 0.095365; 0.086879; 0.049846; 0.337979; {min=0.000, max=0.008}; {min=-0.086, max=0.035}; 14; 5; 1
190; 0.000; 0.000001; 0.073216; 0.095365; 0.086879; 0.049846; 0.337979; {min=0.000, max=0.008}; {min=-0.086, max=0.035}; 14; 5; 1
191; 0.000; 0.000001; 0.073216; 0.095365; 0.086879; 0.049846; 0.337979; {min=0.000, max=0.008}; {min=-0.086, max=0.035}; 14; 5; 1
192; 0.000; 0.000001; 0.073216; 0.095365; 0.086879; 0.049846; 0.337979; {min=0.000, max=0.008}; {min=-0.086, max=0.035}; 14; 5; 1
193; 0.000; 0.000002; 0.073216; 0.095365; 0.086879; 0.049846; 0.337979; {min=0.000, max=0.008}; {min=-0.086, max=0.035}; 14; 5; 1
194; 0.000; 0.000003; 0.073216; 0.095365; 0.086879; 0.049846; 0.337979; {min=0.000, max=0.008}; {min=-0.086, max=0.036}; 14; 5; 1
195; 0.000; 0.000004; 0.073216; 0.095365; 0.086879; 0.049846; 0.337979; {min=0.000, max=0.008}; {min=-0.086, max=0.036}; 14; 5; 1
196; 0.000; 0.000004; 0.073216; 0.095365; 0.086879; 0.049846; 0.337979; {min=0.000, max=0.008}; {min=-0.086, max=0.036}; 14; 5; 1
197; 0.000; 0.000004; 0.073216; 0.095365; 0.086879; 0.049846; 0.337979; {min=0.000, max=0.008}; {min=-0.086, max=0.036}; 14; 5; 1
198; 0.000; 0.000003; 0.073216; 0.095365; 0.086879; 0.049846; 0.337979; {min=0.000, max=0.008}; {min=-0.086, max=0.036}; 14; 5; 1
199; 0.000; 0.000002; 0.073216; 0.095365; 0.086879; 0.049846; 0.337979; {min=0.000, max=0.008}; {min=-0.086, max=0.036}; 14; 5; 1
200; 0.000; 0.000001; 0.073216; 0.095365; 0.086879; 0.049846; 0.337979; {min=0.000, max=0.008}; {min=-0.086, max=0.035}; 14; 5; 1
201; 0.000; 0.000001; 0.073216; 0.095365; 0.086879; 0.049846; 0.337979; {min=0.000, max=0.008}; {min=-0.086, max=0.035}; 14; 5; 1
202; 0.000; 0.000001; 0.073216; 0.095365; 0.086879; 0.049846; 0.337979; {min=0.000, max=0.008}; {min=-0.086, max=0.035}; 14; 5; 1
203; 0.000; 0.000000; 0.073216; 0.095365; 0.086879; 0.049846; 0.337979; {min=0.000, max=0.008}; {min=-0.086, max=0.035}; 14; 5; 1
204; 0.000; 0.000000; 0.073216; 0.095365; 0.086879; 0.049846; 0.337979; {min=0.000, max=0.008}; {min=-0.086, max=0.035}; 14; 5; 1
205; 0.000; 0.000000; 0.073216; 0.095365; 0.086879; 0.049846; 0.337979; {min=0.000, max=0.008}; {min=-0.086, max=0.034}; 14; 5; 1
206; 0.000; 0.000000; 0.073216; 0.095365; 0.086879; 0.049846; 0.337979; {min=0.000, max=0.008}; {min=-0.086, max=0.034}; 14; 5; 1
207; 0.000; 0.000000; 0.073216; 0.095365; 0.086879; 0.049846; 0.337979; {min=0.000, max=0.008}; {min=-0.086, max=0.034}; 14; 5; 1
208; 0.000; 0.000000; 0.073216; 0.095365; 0.086879; 0.049846; 0.337979; {min=0.000, max=0.008}; {min=-0.086, max=0.034}; 14; 5; 1
209; 0.000; 0.000000; 0.073216; 0.095365; 0.086879; 0.049846; 0.337979; {min=0.000, max=0.008}; {min=-0.086, max=0.034}; 14; 5; 1
210; 0.000; 0.000000; 0.073216; 0.095365; 0.086879; 0.049846; 0.337979; {min=0.000, max=0.008}; {min=-0.086, max=0.034}; 14; 5; 1
211; 0.000; 0.000000; 0.073216; 0.095365; 0.086879; 0.049846; 0.337979; {min=0.000, max=0.008}; {min=-0.086, max=0.034}; 14; 5; 1
212; 0.000; 0.000000; 0.073216; 0.095365; 0.086879; 0.049846; 0.337979; {min=0.000, max=0.008}; {min=-0.086, max=0.034}; 14; 5; 1
213; 0.000; 0.000000; 0.073216; 0.095365; 0.086879; 0.049846; 0.337979; {min=0.000, max=0.008}; {min=-0.086, max=0.034}; 14; 5; 1
214; 0.000; 0.000000; 0.073216; 0.095365; 0.086879; 0.049846; 0.337979; {min=0.000, max=0.008}; {min=-0.086, max=0.034}; 14; 5; 1
215; 0.000; 0.000000; 0.073216; 0.095365; 0.086879; 0.049846; 0.337979; {min=0.000, max=0.008}; {min=-0.086, max=0.034}; 14; 5; 1
216; 0.000; 0.000001; 0.073216; 0.095365; 0.086879; 0.049846; 0.337979; {min=0.000, max=0.008}; {min=-0.086, max=0.035}; 14; 5; 1
217; 0.000; 0.000001; 0.073216; 0.095365; 0.086879; 0.049846; 0.337979; {min=0.000, max=0.008}; {min=-0.086, max=0.035}; 14; 5; 1
218; 0.000; 0.000002; 0.073216; 0.095365; 0.086879; 0.049846; 0.337979; {min=0.000, max=0.008}; {min=-0.086, max=0.035}; 14; 5; 1
219; 0.000; 0.000004; 0.073216; 0.095365; 0.086879; 0.049846; 0.337979; {min=0.000, max=0.008}; {min=-0.086, max=0.036}; 14; 5; 1
220; 0.000; 0.000007; 0.073216; 0.095365; 0.086879; 0.049846; 0.337979; {min=0.000, max=0.008}; {min=-0.086, max=0.036}; 14; 5; 1
221; 0.000; 0.000008; 0.073216; 0.095365; 0.086879; 0.049846; 0.337979; {min=0.000, max=0.008}; {min=-0.086, max=0.037}; 14; 5; 1
222; 0.000; 0.000007; 0.073216; 0.095365; 0.086879; 0.049846; 0.337979; {min=0.000, max=0.008}; {min=-0.086, max=0.037}; 14; 5; 1
223; 0.000; 0.000004; 0.073216; 0.095365; 0.086879; 0.049846; 0.337979; {min=0.000, max=0.008}; {min=-0.086, max=0.036}; 14; 5; 1
224; 0.000; 0.000002; 0.073216; 0.095365; 0.086879; 0.049846; 0.337979; {min=0.000, max=0.008}; {min=-0.086, max=0.036}; 14; 5; 1
225; 0.000; 0.000001; 0.073216; 0.095365; 0.086879; 0.049846; 0.337979; {min=0.000, max=0.008}; {min=-0.086, max=0.035}; 14; 5; 1
226; 0.000; 0.000000; 0.073216; 0.095365; 0.086879; 0.049846; 0.337979; {min=0.000, max=0.008}; {min=-0.086, max=0.035}; 14; 5; 1
227; 0.000; 0.000000; 0.073216; 0.095365; 0.086879; 0.049846; 0.337979; {min=0.000, max=0.008}; {min=-0.086, max=0.034}; 14; 5; 1
228; 0.000; 0.000000; 0.073216; 0.095365; 0.086879; 0.049846; 0.337979; {min=0.000, max=0.008}; {min=-0.086, max=0.034}; 14; 5; 1
229; 0.000; 0.000000; 0.073216; 0.095365; 0.086879; 0.049846; 0.337979; {min=0.000, max=0.008}; {min=-0.086, max=0.034}; 14; 5; 1
230; 0.000; 0.000000; 0.073216; 0.095365; 0.086879; 0.049846; 0.337979; {min=0.000, max=0.008}; {min=-0.086, max=0.034}; 14; 5; 1
231; 0.000; 0.000000; 0.073216; 0.095365; 0.077899; 0.044193; 0.328244; {min=0.000, max=0.008}; {min=-0.086, max=0.034}; 13; 6; 1
232; 0.000; 0.000002; 0.073216; 0.095365; 0.077899; 0.044193; 0.328244; {min=0.000, max=0.008}; {min=-0.085, max=0.034}; 13; 6; 1
233; 0.000; 0.000009; 0.073216; 0.095365; 0.070545; 0.039568; 0.324895; {min=0.000, max=0.008}; {min=-0.085, max=0.034}; 12; 7; 1
234; 0.000; 0.000010; 0.073216; 0.095365; 0.079710; 0.045221; 0.335878; {min=0.000, max=0.008}; {min=-0.085, max=0.033}; 13; 6; 1
235; 0.000; 0.000010; 0.073216; 0.095365; 0.086879; 0.049846; 0.337979; {min=0.000, max=0.008}; {min=-0.086, max=0.033}; 14; 5; 1
236; 0.000; 0.000008; 0.073216; 0.095365; 0.086879; 0.049846; 0.337979; {min=0.000, max=0.008}; {min=-0.087, max=0.033}; 14; 5; 1
237; 0.000; 0.000010; 0.073216; 0.095365; 0.086879; 0.049846; 0.337979; {min=0.000, max=0.008}; {min=-0.087, max=0.034}; 14; 5; 1
238; 0.000; 0.000008; 0.073216; 0.095365; 0.086879; 0.049846; 0.337979; {min=0.000, max=0.008}; {min=-0.088, max=0.034}; 14; 5; 1
239; 0.000; 0.000006; 0.073216; 0.095365; 0.086879; 0.049846; 0.337979; {min=0.000, max=0.008}; {min=-0.088, max=0.034}; 14; 5; 1
240; 0.000; 0.000004; 0.073216; 0.095365; 0.086879; 0.049846; 0.337979; {min=0.000, max=0.008}; {min=-0.088, max=0.034}; 14; 5; 1
241; 0.000; 0.000005; 0.073216; 0.095365; 0.086879; 0.049846; 0.337979; {min=0.000, max=0.008}; {min=-0.088, max=0.033}; 14; 5; 1
242; 0.000; 0.000004; 0.073216; 0.095365; 0.086879; 0.049846; 0.337979; {min=0.000, max=0.008}; {min=-0.088, max=0.033}; 14; 5; 1
243; 0.000; 0.000004; 0.073216; 0.095365; 0.086879; 0.049846; 0.337979; {min=0.000, max=0.008}; {min=-0.088, max=0.032}; 14; 5; 1
244; 0.000; 0.000006; 0.073216; 0.095365; 0.086879; 0.049846; 0.337979; {min=0.000, max=0.008}; {min=-0.087, max=0.032}; 14; 5; 1
245; 0.000; 0.000006; 0.073216; 0.095365; 0.086879; 0.049846; 0.337979; {min=0.000, max=0.008}; {min=-0.087, max=0.032}; 14; 5; 1
246; 0.000; 0.000006; 0.073216; 0.095365; 0.086879; 0.049846; 0.337979; {min=0.000, max=0.008}; {min=-0.087, max=0.032}; 14; 5; 1
247; 0.000; 0.000008; 0.073216; 0.095365; 0.086879; 0.049846; 0.337979; {min=0.000, max=0.008}; {min=-0.087, max=0.032}; 14; 5; 1
248; 0.000; 0.000005; 0.073216; 0.095365; 0.086879; 0.049846; 0.337979; {min=0.000, max=0.008}; {min=-0.087, max=0.032}; 14; 5; 1
249; 0.000; 0.000009; 0.073216; 0.095365; 0.079710; 0.045221; 0.335878; {min=0.000, max=0.008}; {min=-0.086, max=0.031}; 13; 6; 1
250; 0.000; 0.000011; 0.073216; 0.095365; 0.079710; 0.045221; 0.335878; {min=0.000, max=0.008}; {min=-0.086, max=0.031}; 13; 6; 1
251; 0.000; 0.000006; 0.073216; 0.095365; 0.086879; 0.049846; 0.337979; {min=0.000, max=0.008}; {min=-0.087, max=0.031}; 14; 5; 1
252; 0.000; 0.000004; 0.073216; 0.095365; 0.086879; 0.049846; 0.337979; {min=0.000, max=0.008}; {min=-0.087, max=0.032}; 14; 5; 1
253; 0.000; 0.000004; 0.073216; 0.095365; 0.086879; 0.049846; 0.337979; {min=0.000, max=0.008}; {min=-0.087, max=0.032}; 14; 5; 1
254; 0.000; 0.000002; 0.073216; 0.095365; 0.086879; 0.049846; 0.337979; {min=0.000, max=0.008}; {min=-0.088, max=0.033}; 14; 5; 1
255; 0.000; 0.000001; 0.073216; 0.095365; 0.086879; 0.049846; 0.337979; {min=0.000, max=0.008}; {min=-0.087, max=0.033}; 14; 5; 1
256; 0.000; 0.000002; 0.073216; 0.095365; 0.086879; 0.049846; 0.337979; {min=0.000, max=0.008}; {min=-0.087, max=0.033}; 14; 5; 1
257; 0.000; 0.000003; 0.073216; 0.095365; 0.086879; 0.049846; 0.337979; {min=0.000, max=0.008}; {min=-0.088, max=0.034}; 14; 5; 1
258; 0.000; 0.000002; 0.073216; 0.095365; 0.086879; 0.049846; 0.337979; {min=0.000, max=0.008}; {min=-0.089, max=0.034}; 14; 5; 1
259; 0.000; 0.000002; 0.073216; 0.095365; 0.086879; 0.049846; 0.337979; {min=0.000, max=0.008}; {min=-0.089, max=0.034}; 14; 5; 1
260; 0.000; 0.000001; 0.073216; 0.095365; 0.086879; 0.049846; 0.337979; {min=0.000, max=0.008}; {min=-0.088, max=0.034}; 14; 5; 1
261; 0.000; 0.000001; 0.073216; 0.095365; 0.086879; 0.049846; 0.337979; {min=0.000, max=0.008}; {min=-0.088, max=0.034}; 14; 5; 1
262; 0.000; 0.000001; 0.073216; 0.095365; 0.086879; 0.049846; 0.337979; {min=0.000, max=0.008}; {min=-0.087, max=0.035}; 14; 5; 1
263; 0.000; 0.000002; 0.073216; 0.095365; 0.086879; 0.049846; 0.337979; {min=0.000, max=0.008}; {min=-0.087, max=0.035}; 14; 5; 1
264; 0.000; 0.000002; 0.073216; 0.095365; 0.086879; 0.049846; 0.337979; {min=0.000, max=0.008}; {min=-0.087, max=0.035}; 14; 5; 1
265; 0.000; 0.000001; 0.073216; 0.095365; 0.086879; 0.049846; 0.337979; {min=0.000, max=0.008}; {min=-0.086, max=0.035}; 14; 5; 1
266; 0.000; 0.000001; 0.073216; 0.095365; 0.086879; 0.049846; 0.337979; {min=0.000, max=0.008}; {min=-0.086, max=0.035}; 14; 5; 1
267; 0.000; 0.000002; 0.073216; 0.095365; 0.086879; 0.049846; 0.337979; {min=0.000, max=0.008}; {min=-0.087, max=0.035}; 14; 5; 1
268; 0.000; 0.000002; 0.073216; 0.095365; 0.086879; 0.049846; 0.337979; {min=0.000, max=0.008}; {min=-0.087, max=0.035}; 14; 5; 1
269; 0.000; 0.000003; 0.073216; 0.095365; 0.086879; 0.049846; 0.337979; {min=0.000, max=0.008}; {min=-0.087, max=0.035}; 14; 5; 1
270; 0.000; 0.000003; 0.073216; 0.095365; 0.086879; 0.049846; 0.337979; {min=0.000, max=0.008}; {min=-0.087, max=0.035}; 14; 5; 1
271; 0.000; 0.000003; 0.073216; 0.095365; 0.086879; 0.049846; 0.337979; {min=0.000, max=0.008}; {min=-0.087, max=0.036}; 14; 5; 1
272; 0.000; 0.000003; 0.073216; 0.095365; 0.086879; 0.049846; 0.337979; {min=0.000, max=0.008}; {min=-0.087, max=0.036}; 14; 5; 1
273; 0.000; 0.000002; 0.073216; 0.095365; 0.086879; 0.049846; 0.337979; {min=0.000, max=0.008}; {min=-0.087, max=0.035}; 14; 5; 1
274; 0.000; 0.000002; 0.073216; 0.095365; 0.086879; 0.049846; 0.337979; {min=0.000, max=0.008}; {min=-0.087, max=0.035}; 14; 5; 1
275; 0.000; 0.000002; 0.073216; 0.095365; 0.086879; 0.049846; 0.337979; {min=0.000, max=0.008}; {min=-0.087, max=0.035}; 14; 5; 1
276; 0.000; 0.000001; 0.073216; 0.095365; 0.086879; 0.049846; 0.337979; {min=0.000, max=0.008}; {min=-0.087, max=0.035}; 14; 5; 1
277; 0.000; 0.000001; 0.073216; 0.095365; 0.086879; 0.049846; 0.337979; {min=0.000, max=0.008}; {min=-0.088, max=0.035}; 14; 5; 1
278; 0.000; 0.000001; 0.073216; 0.095365; 0.086879; 0.049846; 0.337979; {min=0.000, max=0.008}; {min=-0.088, max=0.035}; 14; 5; 1
279; 0.000; 0.000001; 0.073216; 0.095365; 0.086879; 0.049846; 0.337979; {min=0.000, max=0.008}; {min=-0.088, max=0.034}; 14; 5; 1
280; 0.000; 0.000001; 0.073216; 0.095365; 0.086879; 0.049846; 0.337979; {min=0.000, max=0.008}; {min=-0.088, max=0.034}; 14; 5; 1
281; 0.000; 0.000001; 0.073216; 0.095365; 0.086879; 0.049846; 0.337979; {min=0.000, max=0.008}; {min=-0.088, max=0.034}; 14; 5; 1
282; 0.000; 0.000001; 0.073216; 0.095365; 0.086879; 0.049846; 0.337979; {min=0.000, max=0.008}; {min=-0.088, max=0.034}; 14; 5; 1
283; 0.000; 0.000001; 0.073216; 0.095365; 0.086879; 0.049846; 0.337979; {min=0.000, max=0.008}; {min=-0.088, max=0.034}; 14; 5; 1
284; 0.000; 0.000001; 0.073216; 0.095365; 0.086879; 0.049846; 0.337979; {min=0.000, max=0.008}; {min=-0.089, max=0.034}; 14; 5; 1
285; 0.000; 0.000002; 0.073216; 0.095365; 0.086879; 0.049846; 0.337979; {min=0.000, max=0.008}; {min=-0.089, max=0.034}; 14; 5; 1
286; 0.000; 0.000002; 0.073216; 0.095365; 0.086879; 0.049846; 0.337979; {min=0.000, max=0.008}; {min=-0.089, max=0.034}; 14; 5; 1
287; 0.000; 0.000002; 0.073216; 0.095365; 0.086879; 0.049846; 0.337979; {min=0.000, max=0.008}; {min=-0.089, max=0.034}; 14; 5; 1
288; 0.000; 0.000003; 0.073216; 0.095365; 0.086879; 0.049846; 0.337979; {min=0.000, max=0.008}; {min=-0.089, max=0.035}; 14; 5; 1
289; 0.000; 0.000003; 0.073216; 0.095365; 0.086879; 0.049846; 0.337979; {min=0.000, max=0.008}; {min=-0.089, max=0.035}; 14; 5; 1
290; 0.000; 0.000003; 0.073216; 0.095365; 0.086879; 0.049846; 0.337979; {min=0.000, max=0.008}; {min=-0.089, max=0.035}; 14; 5; 1
291; 0.000; 0.000004; 0.073216; 0.095365; 0.086879; 0.049846; 0.337979; {min=0.000, max=0.008}; {min=-0.089, max=0.036}; 14; 5; 1
292; 0.000; 0.000005; 0.073216; 0.095365; 0.086879; 0.049846; 0.337979; {min=0.000, max=0.008}; {min=-0.088, max=0.036}; 14; 5; 1
293; 0.000; 0.000005; 0.073216; 0.095365; 0.086879; 0.049846; 0.337979; {min=0.000, max=0.008}; {min=-0.088, max=0.036}; 14; 5; 1
294; 0.000; 0.000005; 0.073216; 0.095365; 0.086879; 0.049846; 0.337979; {min=0.000, max=0.008}; {min=-0.088, max=0.036}; 14; 5; 1
295; 0.000; 0.000004; 0.073216; 0.095365; 0.086879; 0.049846; 0.337979; {min=0.000, max=0.008}; {min=-0.088, max=0.036}; 14; 5; 1
296; 0.000; 0.000002; 0.073216; 0.095365; 0.086879; 0.049846; 0.337979; {min=0.000, max=0.008}; {min=-0.088, max=0.036}; 14; 5; 1
297; 0.000; 0.000002; 0.073216; 0.095365; 0.086879; 0.049846; 0.337979; {min=0.000, max=0.008}; {min=-0.088, max=0.035}; 14; 5; 1
298; 0.000; 0.000001; 0.073216; 0.095365; 0.086879; 0.049846; 0.337979; {min=0.000, max=0.008}; {min=-0.088, max=0.035}; 14; 5; 1
299; 0.000; 0.000001; 0.073216; 0.095365; 0.086879; 0.049846; 0.337979; {min=0.000, max=0.008}; {min=-0.088, max=0.035}; 14; 5; 1
300; 0.000; 0.000000; 0.073216; 0.095365; 0.086879; 0.049846; 0.337979; {min=0.000, max=0.008}; {min=-0.088, max=0.034}; 14; 5; 1
