epoch;epsilon;loss;randomF1;oracleF1;rougeF1;rougeRecall;rougePrecision;actual;pred;nselect;nskip;query
0; 1.000; 0.051900; 0.087266; 0.095365; 0.087266; 0.050360; 0.326667; {min=-0.120, max=0.640}; {min=-0.088, max=0.272}; 12; 7; 1
1; 0.967; 0.045079; 0.087266; 0.095365; 0.087266; 0.050360; 0.326667; {min=-0.120, max=0.640}; {min=-0.107, max=0.228}; 12; 7; 1
2; 0.933; 0.041197; 0.087266; 0.095365; 0.096171; 0.055498; 0.360000; {min=-0.120, max=0.640}; {min=-0.103, max=0.205}; 12; 7; 1
3; 0.900; 0.038627; 0.087266; 0.095365; 0.096171; 0.055498; 0.360000; {min=-0.120, max=0.640}; {min=-0.100, max=0.189}; 13; 6; 1
4; 0.867; 0.036755; 0.087266; 0.095365; 0.096171; 0.055498; 0.360000; {min=-0.120, max=0.640}; {min=-0.095, max=0.177}; 13; 6; 1
5; 0.833; 0.036563; 0.087266; 0.095365; 0.096171; 0.055498; 0.360000; {min=-0.120, max=0.640}; {min=-0.094, max=0.167}; 13; 6; 1
6; 0.800; 0.036366; 0.087266; 0.095365; 0.096171; 0.055498; 0.360000; {min=-0.120, max=0.640}; {min=-0.098, max=0.159}; 13; 6; 1
7; 0.767; 0.034477; 0.087266; 0.095365; 0.096171; 0.055498; 0.360000; {min=-0.120, max=0.640}; {min=-0.102, max=0.152}; 13; 6; 1
8; 0.733; 0.033931; 0.087266; 0.095365; 0.096171; 0.055498; 0.360000; {min=-0.120, max=0.640}; {min=-0.099, max=0.147}; 13; 6; 1
9; 0.700; 0.033083; 0.087266; 0.095365; 0.096171; 0.055498; 0.360000; {min=-0.120, max=0.640}; {min=-0.101, max=0.143}; 13; 6; 1
10; 0.667; 0.031974; 0.087266; 0.095365; 0.096171; 0.055498; 0.360000; {min=-0.120, max=0.640}; {min=-0.103, max=0.140}; 13; 6; 1
11; 0.633; 0.032684; 0.087266; 0.095365; 0.096171; 0.055498; 0.360000; {min=-0.120, max=0.640}; {min=-0.101, max=0.138}; 13; 6; 1
12; 0.600; 0.031499; 0.087266; 0.095365; 0.096171; 0.055498; 0.360000; {min=-0.120, max=0.640}; {min=-0.105, max=0.135}; 13; 6; 1
13; 0.567; 0.031785; 0.087266; 0.095365; 0.096171; 0.055498; 0.360000; {min=-0.120, max=0.640}; {min=-0.103, max=0.135}; 13; 6; 1
14; 0.533; 0.030751; 0.087266; 0.095365; 0.096171; 0.055498; 0.360000; {min=-0.120, max=0.640}; {min=-0.105, max=0.133}; 13; 6; 1
15; 0.500; 0.022649; 0.087266; 0.095365; 0.096171; 0.055498; 0.360000; {min=-0.120, max=0.640}; {min=-0.102, max=0.133}; 14; 5; 1
16; 0.467; 0.022260; 0.087266; 0.095365; 0.096171; 0.055498; 0.360000; {min=-0.120, max=0.640}; {min=-0.105, max=0.129}; 14; 5; 1
17; 0.433; 0.021809; 0.087266; 0.095365; 0.096171; 0.055498; 0.360000; {min=-0.120, max=0.640}; {min=-0.107, max=0.126}; 14; 5; 1
18; 0.400; 0.021554; 0.087266; 0.095365; 0.096171; 0.055498; 0.360000; {min=-0.120, max=0.640}; {min=-0.107, max=0.124}; 14; 5; 1
19; 0.367; 0.021090; 0.087266; 0.095365; 0.096171; 0.055498; 0.360000; {min=-0.120, max=0.640}; {min=-0.110, max=0.122}; 15; 4; 1
20; 0.333; 0.023780; 0.087266; 0.095365; 0.096171; 0.055498; 0.360000; {min=-0.120, max=0.640}; {min=-0.112, max=0.120}; 15; 4; 1
21; 0.300; 0.023591; 0.087266; 0.095365; 0.096171; 0.055498; 0.360000; {min=-0.120, max=0.640}; {min=-0.113, max=0.120}; 15; 4; 1
22; 0.267; 0.023000; 0.087266; 0.095365; 0.096171; 0.055498; 0.360000; {min=-0.120, max=0.640}; {min=-0.114, max=0.119}; 15; 4; 1
23; 0.233; 0.023186; 0.087266; 0.095365; 0.096171; 0.055498; 0.360000; {min=-0.120, max=0.640}; {min=-0.113, max=0.119}; 15; 4; 1
24; 0.200; 0.022724; 0.087266; 0.095365; 0.096171; 0.055498; 0.360000; {min=-0.120, max=0.640}; {min=-0.114, max=0.118}; 15; 4; 1
25; 0.167; 0.022770; 0.087266; 0.095365; 0.096171; 0.055498; 0.360000; {min=-0.120, max=0.640}; {min=-0.114, max=0.118}; 15; 4; 1
26; 0.133; 0.022695; 0.087266; 0.095365; 0.096171; 0.055498; 0.360000; {min=-0.120, max=0.640}; {min=-0.115, max=0.118}; 14; 5; 1
27; 0.100; 0.022909; 0.087266; 0.095365; 0.096171; 0.055498; 0.360000; {min=-0.120, max=0.640}; {min=-0.116, max=0.117}; 14; 5; 1
28; 0.100; 0.022651; 0.087266; 0.095365; 0.096171; 0.055498; 0.360000; {min=-0.120, max=0.640}; {min=-0.117, max=0.117}; 14; 5; 1
29; 0.100; 0.023485; 0.087266; 0.095365; 0.096171; 0.055498; 0.360000; {min=-0.120, max=0.640}; {min=-0.118, max=0.116}; 14; 5; 1
30; 0.100; 0.023468; 0.087266; 0.095365; 0.096171; 0.055498; 0.360000; {min=-0.120, max=0.640}; {min=-0.118, max=0.114}; 14; 5; 1
31; 0.100; 0.023266; 0.087266; 0.095365; 0.096171; 0.055498; 0.360000; {min=-0.120, max=0.640}; {min=-0.121, max=0.112}; 14; 5; 1
32; 0.100; 0.023096; 0.087266; 0.095365; 0.096171; 0.055498; 0.360000; {min=-0.120, max=0.640}; {min=-0.123, max=0.110}; 14; 5; 1
33; 0.100; 0.022922; 0.087266; 0.095365; 0.096171; 0.055498; 0.360000; {min=-0.120, max=0.640}; {min=-0.126, max=0.108}; 14; 5; 1
34; 0.100; 0.022734; 0.087266; 0.095365; 0.096171; 0.055498; 0.360000; {min=-0.120, max=0.640}; {min=-0.127, max=0.107}; 14; 5; 1
35; 0.100; 0.022571; 0.087266; 0.095365; 0.096171; 0.055498; 0.360000; {min=-0.120, max=0.640}; {min=-0.128, max=0.105}; 14; 5; 1
36; 0.100; 0.022377; 0.087266; 0.095365; 0.096171; 0.055498; 0.360000; {min=-0.120, max=0.640}; {min=-0.129, max=0.104}; 14; 5; 1
37; 0.100; 0.022195; 0.087266; 0.095365; 0.096171; 0.055498; 0.360000; {min=-0.120, max=0.640}; {min=-0.129, max=0.103}; 14; 5; 1
38; 0.100; 0.022143; 0.087266; 0.095365; 0.096171; 0.055498; 0.360000; {min=-0.120, max=0.640}; {min=-0.128, max=0.102}; 14; 5; 1
39; 0.100; 0.021865; 0.087266; 0.095365; 0.096171; 0.055498; 0.360000; {min=-0.120, max=0.640}; {min=-0.128, max=0.104}; 14; 5; 1
40; 0.100; 0.021619; 0.087266; 0.095365; 0.096171; 0.055498; 0.360000; {min=-0.120, max=0.640}; {min=-0.129, max=0.105}; 14; 5; 1
41; 0.100; 0.021458; 0.087266; 0.095365; 0.096171; 0.055498; 0.360000; {min=-0.120, max=0.640}; {min=-0.129, max=0.107}; 14; 5; 1
42; 0.100; 0.021282; 0.087266; 0.095365; 0.096171; 0.055498; 0.360000; {min=-0.120, max=0.640}; {min=-0.130, max=0.108}; 14; 5; 1
43; 0.100; 0.021114; 0.087266; 0.095365; 0.096171; 0.055498; 0.360000; {min=-0.120, max=0.640}; {min=-0.130, max=0.110}; 14; 5; 1
44; 0.100; 0.020951; 0.087266; 0.095365; 0.096171; 0.055498; 0.360000; {min=-0.120, max=0.640}; {min=-0.131, max=0.112}; 14; 5; 1
45; 0.100; 0.020793; 0.087266; 0.095365; 0.096171; 0.055498; 0.360000; {min=-0.120, max=0.640}; {min=-0.131, max=0.114}; 14; 5; 1
46; 0.100; 0.020638; 0.087266; 0.095365; 0.096171; 0.055498; 0.360000; {min=-0.120, max=0.640}; {min=-0.131, max=0.116}; 14; 5; 1
47; 0.100; 0.020486; 0.087266; 0.095365; 0.096171; 0.055498; 0.360000; {min=-0.120, max=0.640}; {min=-0.131, max=0.118}; 14; 5; 1
48; 0.100; 0.020336; 0.087266; 0.095365; 0.096171; 0.055498; 0.360000; {min=-0.120, max=0.640}; {min=-0.132, max=0.120}; 14; 5; 1
49; 0.100; 0.020190; 0.087266; 0.095365; 0.096171; 0.055498; 0.360000; {min=-0.120, max=0.640}; {min=-0.132, max=0.122}; 14; 5; 1
50; 0.100; 0.020046; 0.087266; 0.095365; 0.096171; 0.055498; 0.360000; {min=-0.120, max=0.640}; {min=-0.132, max=0.124}; 14; 5; 1
51; 0.100; 0.019904; 0.087266; 0.095365; 0.096171; 0.055498; 0.360000; {min=-0.120, max=0.640}; {min=-0.132, max=0.126}; 14; 5; 1
52; 0.100; 0.019765; 0.087266; 0.095365; 0.096171; 0.055498; 0.360000; {min=-0.120, max=0.640}; {min=-0.132, max=0.128}; 14; 5; 1
53; 0.100; 0.019627; 0.087266; 0.095365; 0.096171; 0.055498; 0.360000; {min=-0.120, max=0.640}; {min=-0.132, max=0.131}; 14; 5; 1
54; 0.100; 0.019492; 0.087266; 0.095365; 0.096171; 0.055498; 0.360000; {min=-0.120, max=0.640}; {min=-0.132, max=0.133}; 14; 5; 1
55; 0.100; 0.019359; 0.087266; 0.095365; 0.096171; 0.055498; 0.360000; {min=-0.120, max=0.640}; {min=-0.132, max=0.135}; 14; 5; 1
56; 0.100; 0.019227; 0.087266; 0.095365; 0.096171; 0.055498; 0.360000; {min=-0.120, max=0.640}; {min=-0.133, max=0.137}; 14; 5; 1
57; 0.100; 0.019097; 0.087266; 0.095365; 0.096171; 0.055498; 0.360000; {min=-0.120, max=0.640}; {min=-0.133, max=0.139}; 14; 5; 1
58; 0.100; 0.018969; 0.087266; 0.095365; 0.096171; 0.055498; 0.360000; {min=-0.120, max=0.640}; {min=-0.133, max=0.141}; 14; 5; 1
59; 0.100; 0.018843; 0.087266; 0.095365; 0.096171; 0.055498; 0.360000; {min=-0.120, max=0.640}; {min=-0.133, max=0.144}; 14; 5; 1
60; 0.100; 0.018718; 0.087266; 0.095365; 0.096171; 0.055498; 0.360000; {min=-0.120, max=0.640}; {min=-0.133, max=0.146}; 14; 5; 1
61; 0.100; 0.018595; 0.087266; 0.095365; 0.096171; 0.055498; 0.360000; {min=-0.120, max=0.640}; {min=-0.133, max=0.148}; 14; 5; 1
62; 0.100; 0.018473; 0.087266; 0.095365; 0.096171; 0.055498; 0.360000; {min=-0.120, max=0.640}; {min=-0.133, max=0.150}; 14; 5; 1
63; 0.100; 0.018353; 0.087266; 0.095365; 0.096171; 0.055498; 0.360000; {min=-0.120, max=0.640}; {min=-0.133, max=0.152}; 14; 5; 1
64; 0.100; 0.018234; 0.087266; 0.095365; 0.096171; 0.055498; 0.360000; {min=-0.120, max=0.640}; {min=-0.134, max=0.154}; 14; 5; 1
65; 0.100; 0.018117; 0.087266; 0.095365; 0.096171; 0.055498; 0.360000; {min=-0.120, max=0.640}; {min=-0.134, max=0.156}; 14; 5; 1
66; 0.100; 0.018001; 0.087266; 0.095365; 0.096171; 0.055498; 0.360000; {min=-0.120, max=0.640}; {min=-0.134, max=0.158}; 14; 5; 1
67; 0.100; 0.017886; 0.087266; 0.095365; 0.096171; 0.055498; 0.360000; {min=-0.120, max=0.640}; {min=-0.134, max=0.160}; 14; 5; 1
68; 0.100; 0.017772; 0.087266; 0.095365; 0.096171; 0.055498; 0.360000; {min=-0.120, max=0.640}; {min=-0.134, max=0.162}; 14; 5; 1
69; 0.100; 0.017660; 0.087266; 0.095365; 0.096171; 0.055498; 0.360000; {min=-0.120, max=0.640}; {min=-0.134, max=0.164}; 14; 5; 1
70; 0.100; 0.017549; 0.087266; 0.095365; 0.096171; 0.055498; 0.360000; {min=-0.120, max=0.640}; {min=-0.134, max=0.166}; 14; 5; 1
71; 0.100; 0.017440; 0.087266; 0.095365; 0.096171; 0.055498; 0.360000; {min=-0.120, max=0.640}; {min=-0.134, max=0.168}; 14; 5; 1
72; 0.100; 0.017331; 0.087266; 0.095365; 0.096171; 0.055498; 0.360000; {min=-0.120, max=0.640}; {min=-0.134, max=0.170}; 14; 5; 1
73; 0.100; 0.017223; 0.087266; 0.095365; 0.096171; 0.055498; 0.360000; {min=-0.120, max=0.640}; {min=-0.134, max=0.172}; 14; 5; 1
74; 0.100; 0.017117; 0.087266; 0.095365; 0.096171; 0.055498; 0.360000; {min=-0.120, max=0.640}; {min=-0.135, max=0.174}; 14; 5; 1
75; 0.100; 0.017012; 0.087266; 0.095365; 0.096171; 0.055498; 0.360000; {min=-0.120, max=0.640}; {min=-0.135, max=0.176}; 14; 5; 1
76; 0.100; 0.016907; 0.087266; 0.095365; 0.096171; 0.055498; 0.360000; {min=-0.120, max=0.640}; {min=-0.135, max=0.178}; 14; 5; 1
77; 0.100; 0.016804; 0.087266; 0.095365; 0.096171; 0.055498; 0.360000; {min=-0.120, max=0.640}; {min=-0.135, max=0.180}; 14; 5; 1
78; 0.100; 0.016702; 0.087266; 0.095365; 0.096171; 0.055498; 0.360000; {min=-0.120, max=0.640}; {min=-0.135, max=0.181}; 14; 5; 1
79; 0.100; 0.016601; 0.087266; 0.095365; 0.096171; 0.055498; 0.360000; {min=-0.120, max=0.640}; {min=-0.135, max=0.183}; 14; 5; 1
80; 0.100; 0.016500; 0.087266; 0.095365; 0.096171; 0.055498; 0.360000; {min=-0.120, max=0.640}; {min=-0.135, max=0.185}; 14; 5; 1
81; 0.100; 0.016401; 0.087266; 0.095365; 0.096171; 0.055498; 0.360000; {min=-0.120, max=0.640}; {min=-0.135, max=0.187}; 14; 5; 1
82; 0.100; 0.016302; 0.087266; 0.095365; 0.096171; 0.055498; 0.360000; {min=-0.120, max=0.640}; {min=-0.135, max=0.189}; 14; 5; 1
83; 0.100; 0.016205; 0.087266; 0.095365; 0.096171; 0.055498; 0.360000; {min=-0.120, max=0.640}; {min=-0.135, max=0.191}; 14; 5; 1
84; 0.100; 0.016108; 0.087266; 0.095365; 0.096171; 0.055498; 0.360000; {min=-0.120, max=0.640}; {min=-0.135, max=0.193}; 14; 5; 1
85; 0.100; 0.016012; 0.087266; 0.095365; 0.096171; 0.055498; 0.360000; {min=-0.120, max=0.640}; {min=-0.136, max=0.194}; 14; 5; 1
86; 0.100; 0.015917; 0.087266; 0.095365; 0.096171; 0.055498; 0.360000; {min=-0.120, max=0.640}; {min=-0.136, max=0.196}; 14; 5; 1
87; 0.100; 0.015823; 0.087266; 0.095365; 0.096171; 0.055498; 0.360000; {min=-0.120, max=0.640}; {min=-0.136, max=0.198}; 14; 5; 1
88; 0.100; 0.015729; 0.087266; 0.095365; 0.096171; 0.055498; 0.360000; {min=-0.120, max=0.640}; {min=-0.136, max=0.200}; 14; 5; 1
89; 0.100; 0.015637; 0.087266; 0.095365; 0.096171; 0.055498; 0.360000; {min=-0.120, max=0.640}; {min=-0.136, max=0.202}; 14; 5; 1
90; 0.100; 0.015545; 0.087266; 0.095365; 0.096171; 0.055498; 0.360000; {min=-0.120, max=0.640}; {min=-0.136, max=0.203}; 14; 5; 1
91; 0.100; 0.015453; 0.087266; 0.095365; 0.096171; 0.055498; 0.360000; {min=-0.120, max=0.640}; {min=-0.136, max=0.205}; 14; 5; 1
92; 0.100; 0.015363; 0.087266; 0.095365; 0.096171; 0.055498; 0.360000; {min=-0.120, max=0.640}; {min=-0.136, max=0.207}; 14; 5; 1
93; 0.100; 0.015273; 0.087266; 0.095365; 0.096171; 0.055498; 0.360000; {min=-0.120, max=0.640}; {min=-0.136, max=0.209}; 14; 5; 1
94; 0.100; 0.015184; 0.087266; 0.095365; 0.096171; 0.055498; 0.360000; {min=-0.120, max=0.640}; {min=-0.136, max=0.210}; 14; 5; 1
95; 0.100; 0.015096; 0.087266; 0.095365; 0.096171; 0.055498; 0.360000; {min=-0.120, max=0.640}; {min=-0.136, max=0.212}; 14; 5; 1
96; 0.100; 0.015008; 0.087266; 0.095365; 0.096171; 0.055498; 0.360000; {min=-0.120, max=0.640}; {min=-0.136, max=0.214}; 14; 5; 1
97; 0.100; 0.014921; 0.087266; 0.095365; 0.096171; 0.055498; 0.360000; {min=-0.120, max=0.640}; {min=-0.136, max=0.215}; 14; 5; 1
98; 0.100; 0.014834; 0.087266; 0.095365; 0.096171; 0.055498; 0.360000; {min=-0.120, max=0.640}; {min=-0.136, max=0.217}; 14; 5; 1
99; 0.100; 0.014749; 0.087266; 0.095365; 0.096171; 0.055498; 0.360000; {min=-0.120, max=0.640}; {min=-0.137, max=0.219}; 14; 5; 1
100; 0.100; 0.014663; 0.087266; 0.095365; 0.096171; 0.055498; 0.360000; {min=-0.120, max=0.640}; {min=-0.137, max=0.220}; 14; 5; 1
101; 0.100; 0.014579; 0.087266; 0.095365; 0.096171; 0.055498; 0.360000; {min=-0.120, max=0.640}; {min=-0.137, max=0.222}; 14; 5; 1
102; 0.100; 0.014495; 0.087266; 0.095365; 0.096171; 0.055498; 0.360000; {min=-0.120, max=0.640}; {min=-0.137, max=0.224}; 14; 5; 1
103; 0.067; 0.014470; 0.087266; 0.095365; 0.096171; 0.055498; 0.360000; {min=-0.120, max=0.640}; {min=-0.137, max=0.225}; 15; 4; 1
104; 0.033; 0.016067; 0.087266; 0.095365; 0.096171; 0.055498; 0.360000; {min=-0.120, max=0.640}; {min=-0.137, max=0.227}; 15; 4; 1
105; 0.000; 0.015965; 0.087266; 0.095365; 0.096171; 0.055498; 0.360000; {min=-0.120, max=0.640}; {min=-0.137, max=0.230}; 15; 4; 1
106; 0.000; 0.015866; 0.087266; 0.095365; 0.096171; 0.055498; 0.360000; {min=-0.120, max=0.640}; {min=-0.137, max=0.232}; 15; 4; 1
107; 0.000; 0.015768; 0.087266; 0.095365; 0.096171; 0.055498; 0.360000; {min=-0.120, max=0.640}; {min=-0.137, max=0.234}; 15; 4; 1
108; 0.000; 0.015672; 0.087266; 0.095365; 0.096171; 0.055498; 0.360000; {min=-0.120, max=0.640}; {min=-0.137, max=0.236}; 15; 4; 1
109; 0.000; 0.015576; 0.087266; 0.095365; 0.096171; 0.055498; 0.360000; {min=-0.120, max=0.640}; {min=-0.137, max=0.238}; 15; 4; 1
110; 0.000; 0.015488; 0.087266; 0.095365; 0.096171; 0.055498; 0.360000; {min=-0.120, max=0.640}; {min=-0.137, max=0.240}; 15; 4; 1
111; 0.000; 0.015394; 0.087266; 0.095365; 0.096171; 0.055498; 0.360000; {min=-0.120, max=0.640}; {min=-0.138, max=0.241}; 15; 4; 1
112; 0.000; 0.015301; 0.087266; 0.095365; 0.096171; 0.055498; 0.360000; {min=-0.120, max=0.640}; {min=-0.138, max=0.243}; 15; 4; 1
113; 0.000; 0.015217; 0.087266; 0.095365; 0.096171; 0.055498; 0.360000; {min=-0.120, max=0.640}; {min=-0.138, max=0.245}; 15; 4; 1
114; 0.000; 0.015126; 0.087266; 0.095365; 0.096171; 0.055498; 0.360000; {min=-0.120, max=0.640}; {min=-0.138, max=0.247}; 15; 4; 1
115; 0.000; 0.015036; 0.087266; 0.095365; 0.096171; 0.055498; 0.360000; {min=-0.120, max=0.640}; {min=-0.138, max=0.248}; 15; 4; 1
116; 0.000; 0.014946; 0.087266; 0.095365; 0.096171; 0.055498; 0.360000; {min=-0.120, max=0.640}; {min=-0.138, max=0.250}; 15; 4; 1
117; 0.000; 0.014857; 0.087266; 0.095365; 0.096171; 0.055498; 0.360000; {min=-0.120, max=0.640}; {min=-0.138, max=0.252}; 15; 4; 1
118; 0.000; 0.014786; 0.087266; 0.095365; 0.091719; 0.052929; 0.343333; {min=-0.120, max=0.640}; {min=-0.138, max=0.253}; 16; 3; 1
119; 0.000; 0.014748; 0.087266; 0.095365; 0.091719; 0.052929; 0.343333; {min=-0.120, max=0.640}; {min=-0.138, max=0.255}; 16; 3; 1
120; 0.000; 0.014656; 0.087266; 0.095365; 0.091719; 0.052929; 0.343333; {min=-0.120, max=0.640}; {min=-0.139, max=0.257}; 16; 3; 1
121; 0.000; 0.014585; 0.087266; 0.095365; 0.091719; 0.052929; 0.343333; {min=-0.120, max=0.640}; {min=-0.139, max=0.258}; 16; 3; 1
122; 0.000; 0.014510; 0.087266; 0.095365; 0.091719; 0.052929; 0.343333; {min=-0.120, max=0.640}; {min=-0.139, max=0.260}; 16; 3; 1
123; 0.000; 0.014421; 0.087266; 0.095365; 0.091719; 0.052929; 0.343333; {min=-0.120, max=0.640}; {min=-0.139, max=0.261}; 16; 3; 1
124; 0.000; 0.014330; 0.087266; 0.095365; 0.091719; 0.052929; 0.343333; {min=-0.120, max=0.640}; {min=-0.139, max=0.263}; 16; 3; 1
125; 0.000; 0.014260; 0.087266; 0.095365; 0.091719; 0.052929; 0.343333; {min=-0.120, max=0.640}; {min=-0.139, max=0.264}; 16; 3; 1
126; 0.000; 0.014173; 0.087266; 0.095365; 0.091719; 0.052929; 0.343333; {min=-0.120, max=0.640}; {min=-0.139, max=0.266}; 16; 3; 1
127; 0.000; 0.014079; 0.087266; 0.095365; 0.091719; 0.052929; 0.343333; {min=-0.120, max=0.640}; {min=-0.140, max=0.267}; 16; 3; 1
128; 0.000; 0.013993; 0.087266; 0.095365; 0.091719; 0.052929; 0.343333; {min=-0.120, max=0.640}; {min=-0.140, max=0.268}; 16; 3; 1
129; 0.000; 0.013907; 0.087266; 0.095365; 0.091719; 0.052929; 0.343333; {min=-0.120, max=0.640}; {min=-0.140, max=0.270}; 16; 3; 1
130; 0.000; 0.013821; 0.087266; 0.095365; 0.091719; 0.052929; 0.343333; {min=-0.120, max=0.640}; {min=-0.140, max=0.271}; 16; 3; 1
131; 0.000; 0.013735; 0.087266; 0.095365; 0.091719; 0.052929; 0.343333; {min=-0.120, max=0.640}; {min=-0.140, max=0.272}; 16; 3; 1
132; 0.000; 0.013650; 0.087266; 0.095365; 0.091719; 0.052929; 0.343333; {min=-0.120, max=0.640}; {min=-0.140, max=0.274}; 16; 3; 1
133; 0.000; 0.013566; 0.087266; 0.095365; 0.091719; 0.052929; 0.343333; {min=-0.120, max=0.640}; {min=-0.140, max=0.275}; 16; 3; 1
134; 0.000; 0.013483; 0.087266; 0.095365; 0.091719; 0.052929; 0.343333; {min=-0.120, max=0.640}; {min=-0.140, max=0.277}; 16; 3; 1
135; 0.000; 0.013400; 0.087266; 0.095365; 0.091719; 0.052929; 0.343333; {min=-0.120, max=0.640}; {min=-0.140, max=0.278}; 16; 3; 1
136; 0.000; 0.013318; 0.087266; 0.095365; 0.091719; 0.052929; 0.343333; {min=-0.120, max=0.640}; {min=-0.140, max=0.279}; 16; 3; 1
137; 0.000; 0.013237; 0.087266; 0.095365; 0.091719; 0.052929; 0.343333; {min=-0.120, max=0.640}; {min=-0.140, max=0.281}; 16; 3; 1
138; 0.000; 0.013156; 0.087266; 0.095365; 0.091719; 0.052929; 0.343333; {min=-0.120, max=0.640}; {min=-0.140, max=0.282}; 16; 3; 1
139; 0.000; 0.013076; 0.087266; 0.095365; 0.091719; 0.052929; 0.343333; {min=-0.120, max=0.640}; {min=-0.140, max=0.284}; 16; 3; 1
140; 0.000; 0.012996; 0.087266; 0.095365; 0.091719; 0.052929; 0.343333; {min=-0.120, max=0.640}; {min=-0.141, max=0.285}; 16; 3; 1
141; 0.000; 0.012917; 0.087266; 0.095365; 0.091719; 0.052929; 0.343333; {min=-0.120, max=0.640}; {min=-0.141, max=0.286}; 16; 3; 1
142; 0.000; 0.012838; 0.087266; 0.095365; 0.091719; 0.052929; 0.343333; {min=-0.120, max=0.640}; {min=-0.141, max=0.288}; 16; 3; 1
143; 0.000; 0.012760; 0.087266; 0.095365; 0.091719; 0.052929; 0.343333; {min=-0.120, max=0.640}; {min=-0.141, max=0.289}; 16; 3; 1
144; 0.000; 0.012682; 0.087266; 0.095365; 0.091719; 0.052929; 0.343333; {min=-0.120, max=0.640}; {min=-0.141, max=0.291}; 16; 3; 1
145; 0.000; 0.012605; 0.087266; 0.095365; 0.091719; 0.052929; 0.343333; {min=-0.120, max=0.640}; {min=-0.141, max=0.292}; 16; 3; 1
146; 0.000; 0.012528; 0.087266; 0.095365; 0.091719; 0.052929; 0.343333; {min=-0.120, max=0.640}; {min=-0.141, max=0.293}; 16; 3; 1
147; 0.000; 0.012452; 0.087266; 0.095365; 0.091719; 0.052929; 0.343333; {min=-0.120, max=0.640}; {min=-0.141, max=0.295}; 16; 3; 1
148; 0.000; 0.012377; 0.087266; 0.095365; 0.091719; 0.052929; 0.343333; {min=-0.120, max=0.640}; {min=-0.141, max=0.296}; 16; 3; 1
149; 0.000; 0.012301; 0.087266; 0.095365; 0.091719; 0.052929; 0.343333; {min=-0.120, max=0.640}; {min=-0.141, max=0.297}; 16; 3; 1
150; 0.000; 0.012227; 0.087266; 0.095365; 0.091719; 0.052929; 0.343333; {min=-0.120, max=0.640}; {min=-0.141, max=0.299}; 16; 3; 1
151; 0.000; 0.012152; 0.087266; 0.095365; 0.091719; 0.052929; 0.343333; {min=-0.120, max=0.640}; {min=-0.141, max=0.300}; 16; 3; 1
152; 0.000; 0.012078; 0.087266; 0.095365; 0.091719; 0.052929; 0.343333; {min=-0.120, max=0.640}; {min=-0.141, max=0.301}; 16; 3; 1
153; 0.000; 0.012005; 0.087266; 0.095365; 0.091719; 0.052929; 0.343333; {min=-0.120, max=0.640}; {min=-0.141, max=0.303}; 16; 3; 1
154; 0.000; 0.011932; 0.087266; 0.095365; 0.091719; 0.052929; 0.343333; {min=-0.120, max=0.640}; {min=-0.141, max=0.304}; 16; 3; 1
155; 0.000; 0.011859; 0.087266; 0.095365; 0.091719; 0.052929; 0.343333; {min=-0.120, max=0.640}; {min=-0.141, max=0.305}; 16; 3; 1
156; 0.000; 0.011787; 0.087266; 0.095365; 0.091719; 0.052929; 0.343333; {min=-0.120, max=0.640}; {min=-0.141, max=0.307}; 16; 3; 1
157; 0.000; 0.011715; 0.087266; 0.095365; 0.091719; 0.052929; 0.343333; {min=-0.120, max=0.640}; {min=-0.141, max=0.308}; 16; 3; 1
158; 0.000; 0.011644; 0.087266; 0.095365; 0.091719; 0.052929; 0.343333; {min=-0.120, max=0.640}; {min=-0.141, max=0.309}; 16; 3; 1
159; 0.000; 0.011573; 0.087266; 0.095365; 0.091719; 0.052929; 0.343333; {min=-0.120, max=0.640}; {min=-0.141, max=0.310}; 16; 3; 1
160; 0.000; 0.011502; 0.087266; 0.095365; 0.091719; 0.052929; 0.343333; {min=-0.120, max=0.640}; {min=-0.141, max=0.312}; 16; 3; 1
161; 0.000; 0.011432; 0.087266; 0.095365; 0.091719; 0.052929; 0.343333; {min=-0.120, max=0.640}; {min=-0.141, max=0.313}; 16; 3; 1
162; 0.000; 0.011362; 0.087266; 0.095365; 0.091719; 0.052929; 0.343333; {min=-0.120, max=0.640}; {min=-0.141, max=0.314}; 16; 3; 1
163; 0.000; 0.011292; 0.087266; 0.095365; 0.091719; 0.052929; 0.343333; {min=-0.120, max=0.640}; {min=-0.141, max=0.316}; 16; 3; 1
164; 0.000; 0.011223; 0.087266; 0.095365; 0.091719; 0.052929; 0.343333; {min=-0.120, max=0.640}; {min=-0.141, max=0.317}; 16; 3; 1
165; 0.000; 0.011154; 0.087266; 0.095365; 0.091719; 0.052929; 0.343333; {min=-0.120, max=0.640}; {min=-0.141, max=0.318}; 16; 3; 1
166; 0.000; 0.011086; 0.087266; 0.095365; 0.091719; 0.052929; 0.343333; {min=-0.120, max=0.640}; {min=-0.141, max=0.319}; 16; 3; 1
167; 0.000; 0.011017; 0.087266; 0.095365; 0.091719; 0.052929; 0.343333; {min=-0.120, max=0.640}; {min=-0.141, max=0.321}; 16; 3; 1
168; 0.000; 0.010950; 0.087266; 0.095365; 0.091719; 0.052929; 0.343333; {min=-0.120, max=0.640}; {min=-0.141, max=0.322}; 16; 3; 1
169; 0.000; 0.010882; 0.087266; 0.095365; 0.091719; 0.052929; 0.343333; {min=-0.120, max=0.640}; {min=-0.141, max=0.323}; 16; 3; 1
170; 0.000; 0.010815; 0.087266; 0.095365; 0.091719; 0.052929; 0.343333; {min=-0.120, max=0.640}; {min=-0.142, max=0.324}; 16; 3; 1
171; 0.000; 0.010748; 0.087266; 0.095365; 0.091719; 0.052929; 0.343333; {min=-0.120, max=0.640}; {min=-0.142, max=0.326}; 16; 3; 1
172; 0.000; 0.010682; 0.087266; 0.095365; 0.091719; 0.052929; 0.343333; {min=-0.120, max=0.640}; {min=-0.142, max=0.327}; 16; 3; 1
173; 0.000; 0.010615; 0.087266; 0.095365; 0.091719; 0.052929; 0.343333; {min=-0.120, max=0.640}; {min=-0.142, max=0.328}; 16; 3; 1
174; 0.000; 0.010549; 0.087266; 0.095365; 0.091719; 0.052929; 0.343333; {min=-0.120, max=0.640}; {min=-0.142, max=0.329}; 16; 3; 1
175; 0.000; 0.010484; 0.087266; 0.095365; 0.091719; 0.052929; 0.343333; {min=-0.120, max=0.640}; {min=-0.142, max=0.330}; 16; 3; 1
176; 0.000; 0.010419; 0.087266; 0.095365; 0.091719; 0.052929; 0.343333; {min=-0.120, max=0.640}; {min=-0.142, max=0.332}; 16; 3; 1
177; 0.000; 0.010354; 0.087266; 0.095365; 0.091719; 0.052929; 0.343333; {min=-0.120, max=0.640}; {min=-0.142, max=0.333}; 16; 3; 1
178; 0.000; 0.010289; 0.087266; 0.095365; 0.091719; 0.052929; 0.343333; {min=-0.120, max=0.640}; {min=-0.142, max=0.334}; 16; 3; 1
179; 0.000; 0.010225; 0.087266; 0.095365; 0.091719; 0.052929; 0.343333; {min=-0.120, max=0.640}; {min=-0.142, max=0.335}; 16; 3; 1
180; 0.000; 0.010160; 0.087266; 0.095365; 0.091719; 0.052929; 0.343333; {min=-0.120, max=0.640}; {min=-0.142, max=0.336}; 16; 3; 1
181; 0.000; 0.010097; 0.087266; 0.095365; 0.091719; 0.052929; 0.343333; {min=-0.120, max=0.640}; {min=-0.142, max=0.338}; 16; 3; 1
182; 0.000; 0.010033; 0.087266; 0.095365; 0.091719; 0.052929; 0.343333; {min=-0.120, max=0.640}; {min=-0.142, max=0.339}; 16; 3; 1
183; 0.000; 0.009970; 0.087266; 0.095365; 0.091719; 0.052929; 0.343333; {min=-0.120, max=0.640}; {min=-0.142, max=0.340}; 16; 3; 1
184; 0.000; 0.009907; 0.087266; 0.095365; 0.091719; 0.052929; 0.343333; {min=-0.120, max=0.640}; {min=-0.142, max=0.341}; 16; 3; 1
185; 0.000; 0.009844; 0.087266; 0.095365; 0.091719; 0.052929; 0.343333; {min=-0.120, max=0.640}; {min=-0.142, max=0.342}; 16; 3; 1
186; 0.000; 0.009782; 0.087266; 0.095365; 0.091719; 0.052929; 0.343333; {min=-0.120, max=0.640}; {min=-0.142, max=0.343}; 16; 3; 1
187; 0.000; 0.009720; 0.087266; 0.095365; 0.091719; 0.052929; 0.343333; {min=-0.120, max=0.640}; {min=-0.142, max=0.345}; 16; 3; 1
188; 0.000; 0.009658; 0.087266; 0.095365; 0.091719; 0.052929; 0.343333; {min=-0.120, max=0.640}; {min=-0.142, max=0.346}; 16; 3; 1
189; 0.000; 0.009596; 0.087266; 0.095365; 0.091719; 0.052929; 0.343333; {min=-0.120, max=0.640}; {min=-0.142, max=0.347}; 16; 3; 1
190; 0.000; 0.009535; 0.087266; 0.095365; 0.091719; 0.052929; 0.343333; {min=-0.120, max=0.640}; {min=-0.142, max=0.348}; 16; 3; 1
191; 0.000; 0.009474; 0.087266; 0.095365; 0.091719; 0.052929; 0.343333; {min=-0.120, max=0.640}; {min=-0.142, max=0.349}; 16; 3; 1
192; 0.000; 0.009413; 0.087266; 0.095365; 0.091719; 0.052929; 0.343333; {min=-0.120, max=0.640}; {min=-0.142, max=0.350}; 16; 3; 1
193; 0.000; 0.009352; 0.087266; 0.095365; 0.091719; 0.052929; 0.343333; {min=-0.120, max=0.640}; {min=-0.142, max=0.352}; 16; 3; 1
194; 0.000; 0.009292; 0.087266; 0.095365; 0.091719; 0.052929; 0.343333; {min=-0.120, max=0.640}; {min=-0.142, max=0.353}; 16; 3; 1
195; 0.000; 0.009232; 0.087266; 0.095365; 0.091719; 0.052929; 0.343333; {min=-0.120, max=0.640}; {min=-0.142, max=0.354}; 16; 3; 1
196; 0.000; 0.009172; 0.087266; 0.095365; 0.091719; 0.052929; 0.343333; {min=-0.120, max=0.640}; {min=-0.142, max=0.355}; 16; 3; 1
197; 0.000; 0.009112; 0.087266; 0.095365; 0.091719; 0.052929; 0.343333; {min=-0.120, max=0.640}; {min=-0.142, max=0.356}; 16; 3; 1
198; 0.000; 0.009053; 0.087266; 0.095365; 0.091719; 0.052929; 0.343333; {min=-0.120, max=0.640}; {min=-0.142, max=0.357}; 16; 3; 1
199; 0.000; 0.008994; 0.087266; 0.095365; 0.091719; 0.052929; 0.343333; {min=-0.120, max=0.640}; {min=-0.143, max=0.358}; 16; 3; 1
200; 0.000; 0.008935; 0.087266; 0.095365; 0.091719; 0.052929; 0.343333; {min=-0.120, max=0.640}; {min=-0.143, max=0.360}; 16; 3; 1
201; 0.000; 0.008876; 0.087266; 0.095365; 0.091719; 0.052929; 0.343333; {min=-0.120, max=0.640}; {min=-0.143, max=0.361}; 16; 3; 1
202; 0.000; 0.008818; 0.087266; 0.095365; 0.091719; 0.052929; 0.343333; {min=-0.120, max=0.640}; {min=-0.143, max=0.362}; 16; 3; 1
203; 0.000; 0.008759; 0.087266; 0.095365; 0.091719; 0.052929; 0.343333; {min=-0.120, max=0.640}; {min=-0.143, max=0.363}; 16; 3; 1
204; 0.000; 0.008701; 0.087266; 0.095365; 0.091719; 0.052929; 0.343333; {min=-0.120, max=0.640}; {min=-0.143, max=0.364}; 16; 3; 1
205; 0.000; 0.008644; 0.087266; 0.095365; 0.091719; 0.052929; 0.343333; {min=-0.120, max=0.640}; {min=-0.143, max=0.365}; 16; 3; 1
206; 0.000; 0.008586; 0.087266; 0.095365; 0.091719; 0.052929; 0.343333; {min=-0.120, max=0.640}; {min=-0.143, max=0.366}; 16; 3; 1
207; 0.000; 0.008529; 0.087266; 0.095365; 0.091719; 0.052929; 0.343333; {min=-0.120, max=0.640}; {min=-0.143, max=0.367}; 16; 3; 1
208; 0.000; 0.008472; 0.087266; 0.095365; 0.091719; 0.052929; 0.343333; {min=-0.120, max=0.640}; {min=-0.143, max=0.368}; 16; 3; 1
209; 0.000; 0.008415; 0.087266; 0.095365; 0.091719; 0.052929; 0.343333; {min=-0.120, max=0.640}; {min=-0.143, max=0.370}; 16; 3; 1
210; 0.000; 0.008358; 0.087266; 0.095365; 0.091719; 0.052929; 0.343333; {min=-0.120, max=0.640}; {min=-0.143, max=0.371}; 16; 3; 1
211; 0.000; 0.008302; 0.087266; 0.095365; 0.091719; 0.052929; 0.343333; {min=-0.120, max=0.640}; {min=-0.143, max=0.372}; 16; 3; 1
212; 0.000; 0.008245; 0.087266; 0.095365; 0.091719; 0.052929; 0.343333; {min=-0.120, max=0.640}; {min=-0.143, max=0.373}; 16; 3; 1
213; 0.000; 0.008189; 0.087266; 0.095365; 0.091719; 0.052929; 0.343333; {min=-0.120, max=0.640}; {min=-0.143, max=0.374}; 16; 3; 1
214; 0.000; 0.008134; 0.087266; 0.095365; 0.091719; 0.052929; 0.343333; {min=-0.120, max=0.640}; {min=-0.143, max=0.375}; 16; 3; 1
215; 0.000; 0.008078; 0.087266; 0.095365; 0.091719; 0.052929; 0.343333; {min=-0.120, max=0.640}; {min=-0.143, max=0.376}; 16; 3; 1
216; 0.000; 0.008023; 0.087266; 0.095365; 0.091719; 0.052929; 0.343333; {min=-0.120, max=0.640}; {min=-0.143, max=0.377}; 16; 3; 1
217; 0.000; 0.007968; 0.087266; 0.095365; 0.091719; 0.052929; 0.343333; {min=-0.120, max=0.640}; {min=-0.143, max=0.378}; 16; 3; 1
218; 0.000; 0.007913; 0.087266; 0.095365; 0.091719; 0.052929; 0.343333; {min=-0.120, max=0.640}; {min=-0.143, max=0.379}; 16; 3; 1
219; 0.000; 0.007858; 0.087266; 0.095365; 0.091719; 0.052929; 0.343333; {min=-0.120, max=0.640}; {min=-0.143, max=0.380}; 16; 3; 1
220; 0.000; 0.007803; 0.087266; 0.095365; 0.091719; 0.052929; 0.343333; {min=-0.120, max=0.640}; {min=-0.143, max=0.381}; 16; 3; 1
221; 0.000; 0.007749; 0.087266; 0.095365; 0.091719; 0.052929; 0.343333; {min=-0.120, max=0.640}; {min=-0.143, max=0.383}; 16; 3; 1
222; 0.000; 0.007695; 0.087266; 0.095365; 0.091719; 0.052929; 0.343333; {min=-0.120, max=0.640}; {min=-0.143, max=0.384}; 16; 3; 1
223; 0.000; 0.007641; 0.087266; 0.095365; 0.091719; 0.052929; 0.343333; {min=-0.120, max=0.640}; {min=-0.143, max=0.385}; 16; 3; 1
224; 0.000; 0.007587; 0.087266; 0.095365; 0.091719; 0.052929; 0.343333; {min=-0.120, max=0.640}; {min=-0.143, max=0.386}; 16; 3; 1
225; 0.000; 0.007534; 0.087266; 0.095365; 0.091719; 0.052929; 0.343333; {min=-0.120, max=0.640}; {min=-0.143, max=0.387}; 16; 3; 1
226; 0.000; 0.007481; 0.087266; 0.095365; 0.091719; 0.052929; 0.343333; {min=-0.120, max=0.640}; {min=-0.143, max=0.388}; 16; 3; 1
227; 0.000; 0.007428; 0.087266; 0.095365; 0.091719; 0.052929; 0.343333; {min=-0.120, max=0.640}; {min=-0.143, max=0.389}; 16; 3; 1
228; 0.000; 0.007375; 0.087266; 0.095365; 0.091719; 0.052929; 0.343333; {min=-0.120, max=0.640}; {min=-0.143, max=0.390}; 16; 3; 1
229; 0.000; 0.007322; 0.087266; 0.095365; 0.091719; 0.052929; 0.343333; {min=-0.120, max=0.640}; {min=-0.144, max=0.391}; 16; 3; 1
230; 0.000; 0.007269; 0.087266; 0.095365; 0.091719; 0.052929; 0.343333; {min=-0.120, max=0.640}; {min=-0.144, max=0.392}; 16; 3; 1
231; 0.000; 0.007217; 0.087266; 0.095365; 0.091719; 0.052929; 0.343333; {min=-0.120, max=0.640}; {min=-0.144, max=0.393}; 16; 3; 1
232; 0.000; 0.007165; 0.087266; 0.095365; 0.091719; 0.052929; 0.343333; {min=-0.120, max=0.640}; {min=-0.144, max=0.394}; 16; 3; 1
233; 0.000; 0.007113; 0.087266; 0.095365; 0.091719; 0.052929; 0.343333; {min=-0.120, max=0.640}; {min=-0.144, max=0.395}; 16; 3; 1
234; 0.000; 0.007062; 0.087266; 0.095365; 0.091719; 0.052929; 0.343333; {min=-0.120, max=0.640}; {min=-0.144, max=0.396}; 16; 3; 1
235; 0.000; 0.007010; 0.087266; 0.095365; 0.086376; 0.049846; 0.323333; {min=-0.120, max=0.640}; {min=-0.144, max=0.397}; 17; 2; 1
236; 0.000; 0.007048; 0.087266; 0.095365; 0.086376; 0.049846; 0.323333; {min=-0.120, max=0.640}; {min=-0.144, max=0.399}; 17; 2; 1
237; 0.000; 0.006990; 0.087266; 0.095365; 0.086376; 0.049846; 0.323333; {min=-0.120, max=0.640}; {min=-0.144, max=0.400}; 17; 2; 1
238; 0.000; 0.007024; 0.087266; 0.095365; 0.086376; 0.049846; 0.323333; {min=-0.120, max=0.640}; {min=-0.144, max=0.401}; 17; 2; 1
239; 0.000; 0.007024; 0.087266; 0.095365; 0.086376; 0.049846; 0.323333; {min=-0.120, max=0.640}; {min=-0.144, max=0.403}; 17; 2; 1
240; 0.000; 0.007039; 0.087266; 0.095365; 0.086376; 0.049846; 0.323333; {min=-0.120, max=0.640}; {min=-0.144, max=0.405}; 17; 2; 1
241; 0.000; 0.007047; 0.087266; 0.095365; 0.086376; 0.049846; 0.323333; {min=-0.120, max=0.640}; {min=-0.144, max=0.406}; 17; 2; 1
242; 0.000; 0.006995; 0.087266; 0.095365; 0.086376; 0.049846; 0.323333; {min=-0.120, max=0.640}; {min=-0.144, max=0.408}; 17; 2; 1
243; 0.000; 0.006922; 0.087266; 0.095365; 0.086376; 0.049846; 0.323333; {min=-0.120, max=0.640}; {min=-0.144, max=0.409}; 17; 2; 1
244; 0.000; 0.006920; 0.087266; 0.095365; 0.086376; 0.049846; 0.323333; {min=-0.120, max=0.640}; {min=-0.144, max=0.410}; 17; 2; 1
245; 0.000; 0.006867; 0.087266; 0.095365; 0.086376; 0.049846; 0.323333; {min=-0.120, max=0.640}; {min=-0.144, max=0.411}; 17; 2; 1
246; 0.000; 0.006789; 0.087266; 0.095365; 0.086376; 0.049846; 0.323333; {min=-0.120, max=0.640}; {min=-0.144, max=0.411}; 17; 2; 1
247; 0.000; 0.006727; 0.087266; 0.095365; 0.086376; 0.049846; 0.323333; {min=-0.120, max=0.640}; {min=-0.144, max=0.412}; 17; 2; 1
248; 0.000; 0.006715; 0.087266; 0.095365; 0.086376; 0.049846; 0.323333; {min=-0.120, max=0.640}; {min=-0.144, max=0.413}; 17; 2; 1
249; 0.000; 0.006642; 0.087266; 0.095365; 0.086376; 0.049846; 0.323333; {min=-0.120, max=0.640}; {min=-0.144, max=0.414}; 17; 2; 1
250; 0.000; 0.006580; 0.087266; 0.095365; 0.086376; 0.049846; 0.323333; {min=-0.120, max=0.640}; {min=-0.144, max=0.415}; 17; 2; 1
251; 0.000; 0.006518; 0.087266; 0.095365; 0.086376; 0.049846; 0.323333; {min=-0.120, max=0.640}; {min=-0.144, max=0.416}; 17; 2; 1
252; 0.000; 0.006458; 0.087266; 0.095365; 0.086376; 0.049846; 0.323333; {min=-0.120, max=0.640}; {min=-0.144, max=0.417}; 17; 2; 1
253; 0.000; 0.006399; 0.087266; 0.095365; 0.086376; 0.049846; 0.323333; {min=-0.120, max=0.640}; {min=-0.144, max=0.417}; 17; 2; 1
254; 0.000; 0.006341; 0.087266; 0.095365; 0.086376; 0.049846; 0.323333; {min=-0.120, max=0.640}; {min=-0.144, max=0.418}; 17; 2; 1
255; 0.000; 0.006284; 0.087266; 0.095365; 0.086376; 0.049846; 0.323333; {min=-0.120, max=0.640}; {min=-0.144, max=0.419}; 17; 2; 1
256; 0.000; 0.006227; 0.087266; 0.095365; 0.086376; 0.049846; 0.323333; {min=-0.120, max=0.640}; {min=-0.144, max=0.420}; 17; 2; 1
257; 0.000; 0.006172; 0.087266; 0.095365; 0.086376; 0.049846; 0.323333; {min=-0.120, max=0.640}; {min=-0.144, max=0.420}; 17; 2; 1
258; 0.000; 0.006117; 0.087266; 0.095365; 0.086376; 0.049846; 0.323333; {min=-0.120, max=0.640}; {min=-0.144, max=0.421}; 17; 2; 1
259; 0.000; 0.006063; 0.087266; 0.095365; 0.086376; 0.049846; 0.323333; {min=-0.120, max=0.640}; {min=-0.144, max=0.422}; 17; 2; 1
260; 0.000; 0.006009; 0.087266; 0.095365; 0.086376; 0.049846; 0.323333; {min=-0.120, max=0.640}; {min=-0.144, max=0.423}; 17; 2; 1
261; 0.000; 0.005957; 0.087266; 0.095365; 0.086376; 0.049846; 0.323333; {min=-0.120, max=0.640}; {min=-0.144, max=0.424}; 17; 2; 1
262; 0.000; 0.005904; 0.087266; 0.095365; 0.086376; 0.049846; 0.323333; {min=-0.120, max=0.640}; {min=-0.144, max=0.425}; 17; 2; 1
263; 0.000; 0.005852; 0.087266; 0.095365; 0.086376; 0.049846; 0.323333; {min=-0.120, max=0.640}; {min=-0.144, max=0.425}; 17; 2; 1
264; 0.000; 0.005801; 0.087266; 0.095365; 0.086376; 0.049846; 0.323333; {min=-0.120, max=0.640}; {min=-0.144, max=0.426}; 17; 2; 1
265; 0.000; 0.005750; 0.087266; 0.095365; 0.086376; 0.049846; 0.323333; {min=-0.120, max=0.640}; {min=-0.144, max=0.427}; 17; 2; 1
266; 0.000; 0.005700; 0.087266; 0.095365; 0.086376; 0.049846; 0.323333; {min=-0.120, max=0.640}; {min=-0.144, max=0.428}; 17; 2; 1
267; 0.000; 0.005650; 0.087266; 0.095365; 0.086376; 0.049846; 0.323333; {min=-0.120, max=0.640}; {min=-0.144, max=0.429}; 17; 2; 1
268; 0.000; 0.005600; 0.087266; 0.095365; 0.086376; 0.049846; 0.323333; {min=-0.120, max=0.640}; {min=-0.144, max=0.430}; 17; 2; 1
269; 0.000; 0.005551; 0.087266; 0.095365; 0.086376; 0.049846; 0.323333; {min=-0.120, max=0.640}; {min=-0.144, max=0.431}; 17; 2; 1
270; 0.000; 0.005502; 0.087266; 0.095365; 0.086376; 0.049846; 0.323333; {min=-0.120, max=0.640}; {min=-0.144, max=0.432}; 17; 2; 1
271; 0.000; 0.005454; 0.087266; 0.095365; 0.086376; 0.049846; 0.323333; {min=-0.120, max=0.640}; {min=-0.144, max=0.433}; 17; 2; 1
272; 0.000; 0.005406; 0.087266; 0.095365; 0.086376; 0.049846; 0.323333; {min=-0.120, max=0.640}; {min=-0.144, max=0.434}; 17; 2; 1
273; 0.000; 0.005358; 0.087266; 0.095365; 0.086376; 0.049846; 0.323333; {min=-0.120, max=0.640}; {min=-0.144, max=0.434}; 17; 2; 1
274; 0.000; 0.005311; 0.087266; 0.095365; 0.086376; 0.049846; 0.323333; {min=-0.120, max=0.640}; {min=-0.144, max=0.435}; 17; 2; 1
275; 0.000; 0.005264; 0.087266; 0.095365; 0.086376; 0.049846; 0.323333; {min=-0.120, max=0.640}; {min=-0.145, max=0.436}; 17; 2; 1
276; 0.000; 0.005217; 0.087266; 0.095365; 0.086376; 0.049846; 0.323333; {min=-0.120, max=0.640}; {min=-0.145, max=0.437}; 17; 2; 1
277; 0.000; 0.005171; 0.087266; 0.095365; 0.086376; 0.049846; 0.323333; {min=-0.120, max=0.640}; {min=-0.145, max=0.438}; 17; 2; 1
278; 0.000; 0.005125; 0.087266; 0.095365; 0.086376; 0.049846; 0.323333; {min=-0.120, max=0.640}; {min=-0.145, max=0.439}; 17; 2; 1
279; 0.000; 0.005079; 0.087266; 0.095365; 0.086376; 0.049846; 0.323333; {min=-0.120, max=0.640}; {min=-0.145, max=0.440}; 17; 2; 1
280; 0.000; 0.005034; 0.087266; 0.095365; 0.086376; 0.049846; 0.323333; {min=-0.120, max=0.640}; {min=-0.145, max=0.441}; 17; 2; 1
281; 0.000; 0.004989; 0.087266; 0.095365; 0.086376; 0.049846; 0.323333; {min=-0.120, max=0.640}; {min=-0.145, max=0.442}; 17; 2; 1
282; 0.000; 0.004944; 0.087266; 0.095365; 0.086376; 0.049846; 0.323333; {min=-0.120, max=0.640}; {min=-0.145, max=0.443}; 17; 2; 1
283; 0.000; 0.004899; 0.087266; 0.095365; 0.086376; 0.049846; 0.323333; {min=-0.120, max=0.640}; {min=-0.145, max=0.444}; 17; 2; 1
284; 0.000; 0.004855; 0.087266; 0.095365; 0.086376; 0.049846; 0.323333; {min=-0.120, max=0.640}; {min=-0.145, max=0.445}; 17; 2; 1
285; 0.000; 0.004811; 0.087266; 0.095365; 0.086376; 0.049846; 0.323333; {min=-0.120, max=0.640}; {min=-0.145, max=0.446}; 17; 2; 1
286; 0.000; 0.004767; 0.087266; 0.095365; 0.086376; 0.049846; 0.323333; {min=-0.120, max=0.640}; {min=-0.145, max=0.447}; 17; 2; 1
287; 0.000; 0.004724; 0.087266; 0.095365; 0.086376; 0.049846; 0.323333; {min=-0.120, max=0.640}; {min=-0.145, max=0.447}; 17; 2; 1
288; 0.000; 0.004681; 0.087266; 0.095365; 0.086376; 0.049846; 0.323333; {min=-0.120, max=0.640}; {min=-0.145, max=0.448}; 17; 2; 1
289; 0.000; 0.004638; 0.087266; 0.095365; 0.086376; 0.049846; 0.323333; {min=-0.120, max=0.640}; {min=-0.145, max=0.449}; 17; 2; 1
290; 0.000; 0.004595; 0.087266; 0.095365; 0.086376; 0.049846; 0.323333; {min=-0.120, max=0.640}; {min=-0.145, max=0.450}; 17; 2; 1
291; 0.000; 0.004553; 0.087266; 0.095365; 0.086376; 0.049846; 0.323333; {min=-0.120, max=0.640}; {min=-0.145, max=0.451}; 17; 2; 1
292; 0.000; 0.004511; 0.087266; 0.095365; 0.086376; 0.049846; 0.323333; {min=-0.120, max=0.640}; {min=-0.145, max=0.452}; 17; 2; 1
293; 0.000; 0.004469; 0.087266; 0.095365; 0.086376; 0.049846; 0.323333; {min=-0.120, max=0.640}; {min=-0.145, max=0.453}; 17; 2; 1
294; 0.000; 0.004427; 0.087266; 0.095365; 0.086376; 0.049846; 0.323333; {min=-0.120, max=0.640}; {min=-0.145, max=0.454}; 17; 2; 1
295; 0.000; 0.004386; 0.087266; 0.095365; 0.086376; 0.049846; 0.323333; {min=-0.120, max=0.640}; {min=-0.145, max=0.455}; 17; 2; 1
296; 0.000; 0.004345; 0.087266; 0.095365; 0.086376; 0.049846; 0.323333; {min=-0.120, max=0.640}; {min=-0.145, max=0.456}; 17; 2; 1
297; 0.000; 0.004304; 0.087266; 0.095365; 0.086376; 0.049846; 0.323333; {min=-0.120, max=0.640}; {min=-0.145, max=0.457}; 17; 2; 1
298; 0.000; 0.004263; 0.087266; 0.095365; 0.086376; 0.049846; 0.323333; {min=-0.120, max=0.640}; {min=-0.145, max=0.458}; 17; 2; 1
299; 0.000; 0.004223; 0.087266; 0.095365; 0.086376; 0.049846; 0.323333; {min=-0.120, max=0.640}; {min=-0.145, max=0.459}; 17; 2; 1
300; 0.000; 0.004182; 0.087266; 0.095365; 0.086376; 0.049846; 0.323333; {min=-0.120, max=0.640}; {min=-0.145, max=0.460}; 17; 2; 1
