epoch;epsilon;loss;randomF1;oracleF1;rougeF1;rougeRecall;rougePrecision;actual;pred;nselect;nskip;query
0; 1.000; 0.002869; 0.081033; 0.095365; 0.081033; 0.046763; 0.303333; {min=-0.018, max=0.010}; {min=-0.085, max=0.125}; 12; 7; 1
1; 0.967; 0.000775; 0.081033; 0.095365; 0.081033; 0.046763; 0.303333; {min=-0.018, max=0.010}; {min=-0.054, max=0.075}; 12; 7; 1
2; 0.933; 0.000324; 0.081033; 0.095365; 0.081033; 0.046763; 0.303333; {min=-0.018, max=0.010}; {min=-0.042, max=0.057}; 12; 7; 1
3; 0.900; 0.000196; 0.081033; 0.095365; 0.080142; 0.046249; 0.300000; {min=-0.018, max=0.010}; {min=-0.036, max=0.048}; 13; 6; 1
4; 0.867; 0.000198; 0.081033; 0.095365; 0.080142; 0.046249; 0.300000; {min=-0.018, max=0.010}; {min=-0.033, max=0.043}; 12; 7; 1
5; 0.833; 0.000143; 0.081033; 0.095365; 0.092609; 0.053443; 0.346667; {min=-0.022, max=0.010}; {min=-0.029, max=0.039}; 12; 7; 1
6; 0.800; 0.000117; 0.081033; 0.095365; 0.092609; 0.053443; 0.346667; {min=-0.022, max=0.010}; {min=-0.028, max=0.035}; 12; 7; 1
7; 0.767; 0.000122; 0.081033; 0.095365; 0.092609; 0.053443; 0.346667; {min=-0.022, max=0.010}; {min=-0.026, max=0.033}; 12; 7; 1
8; 0.733; 0.000098; 0.081033; 0.095365; 0.099462; 0.057040; 0.388112; {min=-0.019, max=0.010}; {min=-0.025, max=0.031}; 12; 7; 1
9; 0.700; 0.000074; 0.081033; 0.095365; 0.099462; 0.057040; 0.388112; {min=-0.019, max=0.010}; {min=-0.024, max=0.029}; 12; 7; 1
10; 0.667; 0.000083; 0.081033; 0.095365; 0.099462; 0.057040; 0.388112; {min=-0.019, max=0.010}; {min=-0.024, max=0.028}; 12; 7; 1
11; 0.633; 0.000076; 0.081033; 0.095365; 0.099462; 0.057040; 0.388112; {min=-0.019, max=0.010}; {min=-0.023, max=0.027}; 12; 7; 1
12; 0.600; 0.000086; 0.081033; 0.095365; 0.099462; 0.057040; 0.388112; {min=-0.019, max=0.010}; {min=-0.024, max=0.025}; 13; 6; 1
13; 0.567; 0.000083; 0.081033; 0.095365; 0.089715; 0.050874; 0.379310; {min=-0.017, max=0.010}; {min=-0.024, max=0.023}; 12; 7; 1
14; 0.533; 0.000056; 0.081033; 0.095365; 0.089715; 0.050874; 0.379310; {min=-0.017, max=0.010}; {min=-0.025, max=0.023}; 12; 7; 1
15; 0.500; 0.000084; 0.081033; 0.095365; 0.086721; 0.049332; 0.358209; {min=-0.020, max=0.010}; {min=-0.025, max=0.024}; 12; 7; 1
16; 0.467; 0.000080; 0.081033; 0.095365; 0.086721; 0.049332; 0.358209; {min=-0.020, max=0.010}; {min=-0.026, max=0.024}; 12; 7; 1
17; 0.433; 0.000083; 0.081033; 0.095365; 0.086721; 0.049332; 0.358209; {min=-0.020, max=0.010}; {min=-0.027, max=0.024}; 12; 7; 1
18; 0.400; 0.000088; 0.081033; 0.095365; 0.096472; 0.055498; 0.368601; {min=-0.022, max=0.010}; {min=-0.028, max=0.025}; 13; 6; 1
19; 0.367; 0.000076; 0.081033; 0.095365; 0.096472; 0.055498; 0.368601; {min=-0.022, max=0.010}; {min=-0.029, max=0.025}; 12; 7; 1
20; 0.333; 0.000066; 0.081033; 0.095365; 0.096472; 0.055498; 0.368601; {min=-0.022, max=0.010}; {min=-0.029, max=0.025}; 13; 6; 1
21; 0.300; 0.000055; 0.081033; 0.095365; 0.096472; 0.055498; 0.368601; {min=-0.022, max=0.010}; {min=-0.030, max=0.026}; 13; 6; 1
22; 0.267; 0.000059; 0.081033; 0.095365; 0.096472; 0.055498; 0.368601; {min=-0.022, max=0.010}; {min=-0.030, max=0.026}; 13; 6; 1
23; 0.233; 0.000053; 0.081033; 0.095365; 0.093044; 0.052929; 0.384328; {min=-0.021, max=0.010}; {min=-0.029, max=0.026}; 12; 7; 1
24; 0.200; 0.000061; 0.081033; 0.095365; 0.093044; 0.052929; 0.384328; {min=-0.021, max=0.010}; {min=-0.028, max=0.026}; 12; 7; 1
25; 0.167; 0.000067; 0.081033; 0.095365; 0.093044; 0.052929; 0.384328; {min=-0.021, max=0.010}; {min=-0.028, max=0.026}; 12; 7; 1
26; 0.133; 0.000058; 0.081033; 0.095365; 0.093044; 0.052929; 0.384328; {min=-0.021, max=0.010}; {min=-0.027, max=0.027}; 12; 7; 1
27; 0.100; 0.000044; 0.081033; 0.095365; 0.093044; 0.052929; 0.384328; {min=-0.021, max=0.010}; {min=-0.026, max=0.027}; 13; 6; 1
28; 0.100; 0.000038; 0.081033; 0.095365; 0.093044; 0.052929; 0.384328; {min=-0.021, max=0.010}; {min=-0.024, max=0.027}; 13; 6; 1
29; 0.100; 0.000033; 0.081033; 0.095365; 0.093044; 0.052929; 0.384328; {min=-0.021, max=0.010}; {min=-0.023, max=0.028}; 13; 6; 1
30; 0.100; 0.000027; 0.081033; 0.095365; 0.096058; 0.054471; 0.406130; {min=-0.018, max=0.010}; {min=-0.021, max=0.028}; 13; 6; 1
31; 0.100; 0.000023; 0.081033; 0.095365; 0.098566; 0.056526; 0.384615; {min=-0.019, max=0.010}; {min=-0.021, max=0.028}; 14; 5; 1
32; 0.100; 0.000018; 0.081033; 0.095365; 0.087993; 0.049332; 0.406780; {min=-0.016, max=0.008}; {min=-0.020, max=0.028}; 12; 7; 1
33; 0.100; 0.000013; 0.081033; 0.095365; 0.087993; 0.049332; 0.406780; {min=-0.016, max=0.008}; {min=-0.020, max=0.028}; 12; 7; 1
34; 0.100; 0.000010; 0.081033; 0.095365; 0.087993; 0.049332; 0.406780; {min=-0.016, max=0.008}; {min=-0.019, max=0.029}; 12; 7; 1
35; 0.100; 0.000009; 0.081033; 0.095365; 0.082255; 0.045735; 0.408257; {min=-0.018, max=0.008}; {min=-0.019, max=0.029}; 11; 8; 1
36; 0.100; 0.000007; 0.081033; 0.095365; 0.082255; 0.045735; 0.408257; {min=-0.018, max=0.008}; {min=-0.018, max=0.029}; 11; 8; 1
37; 0.100; 0.000006; 0.081033; 0.095365; 0.082255; 0.045735; 0.408257; {min=-0.018, max=0.008}; {min=-0.017, max=0.029}; 11; 8; 1
38; 0.100; 0.000003; 0.081033; 0.095365; 0.084970; 0.047790; 0.382716; {min=-0.019, max=0.008}; {min=-0.017, max=0.029}; 12; 7; 1
39; 0.100; 0.000003; 0.081033; 0.095365; 0.084970; 0.047790; 0.382716; {min=-0.019, max=0.008}; {min=-0.017, max=0.029}; 12; 7; 1
40; 0.100; 0.000005; 0.081033; 0.095365; 0.084970; 0.047790; 0.382716; {min=-0.019, max=0.008}; {min=-0.017, max=0.030}; 12; 7; 1
41; 0.100; 0.000003; 0.081033; 0.095365; 0.084970; 0.047790; 0.382716; {min=-0.019, max=0.008}; {min=-0.017, max=0.029}; 12; 7; 1
42; 0.100; 0.000003; 0.081033; 0.095365; 0.093948; 0.053443; 0.388060; {min=-0.021, max=0.008}; {min=-0.017, max=0.030}; 12; 7; 1
43; 0.100; 0.000003; 0.081033; 0.095365; 0.101831; 0.058582; 0.389078; {min=-0.023, max=0.010}; {min=-0.017, max=0.030}; 13; 6; 1
44; 0.100; 0.000003; 0.081033; 0.095365; 0.101831; 0.058582; 0.389078; {min=-0.023, max=0.010}; {min=-0.017, max=0.030}; 13; 6; 1
45; 0.100; 0.000002; 0.081033; 0.095365; 0.101831; 0.058582; 0.389078; {min=-0.023, max=0.010}; {min=-0.017, max=0.030}; 13; 6; 1
46; 0.100; 0.000002; 0.081033; 0.095365; 0.101831; 0.058582; 0.389078; {min=-0.023, max=0.010}; {min=-0.018, max=0.030}; 13; 6; 1
47; 0.100; 0.000002; 0.081033; 0.095365; 0.101831; 0.058582; 0.389078; {min=-0.023, max=0.010}; {min=-0.018, max=0.030}; 13; 6; 1
48; 0.100; 0.000001; 0.081033; 0.095365; 0.100623; 0.058068; 0.376667; {min=-0.024, max=0.010}; {min=-0.018, max=0.030}; 14; 5; 1
49; 0.100; 0.000002; 0.081033; 0.095365; 0.100623; 0.058068; 0.376667; {min=-0.024, max=0.010}; {min=-0.018, max=0.030}; 14; 5; 1
50; 0.100; 0.000003; 0.081033; 0.095365; 0.100623; 0.058068; 0.376667; {min=-0.024, max=0.010}; {min=-0.018, max=0.030}; 14; 5; 1
51; 0.100; 0.000002; 0.081033; 0.095365; 0.101831; 0.058582; 0.389078; {min=-0.023, max=0.010}; {min=-0.018, max=0.030}; 13; 6; 1
52; 0.100; 0.000002; 0.081033; 0.095365; 0.101831; 0.058582; 0.389078; {min=-0.023, max=0.010}; {min=-0.018, max=0.030}; 13; 6; 1
53; 0.100; 0.000002; 0.081033; 0.095365; 0.101831; 0.058582; 0.389078; {min=-0.023, max=0.010}; {min=-0.018, max=0.030}; 13; 6; 1
54; 0.100; 0.000002; 0.081033; 0.095365; 0.101831; 0.058582; 0.389078; {min=-0.023, max=0.010}; {min=-0.018, max=0.030}; 13; 6; 1
55; 0.100; 0.000001; 0.081033; 0.095365; 0.101831; 0.058582; 0.389078; {min=-0.023, max=0.010}; {min=-0.019, max=0.030}; 13; 6; 1
56; 0.100; 0.000000; 0.081033; 0.095365; 0.101831; 0.058582; 0.389078; {min=-0.023, max=0.010}; {min=-0.019, max=0.030}; 13; 6; 1
57; 0.100; 0.000001; 0.081033; 0.095365; 0.101831; 0.058582; 0.389078; {min=-0.023, max=0.010}; {min=-0.019, max=0.031}; 13; 6; 1
58; 0.100; 0.000001; 0.081033; 0.095365; 0.101831; 0.058582; 0.389078; {min=-0.023, max=0.010}; {min=-0.019, max=0.030}; 13; 6; 1
59; 0.100; 0.000001; 0.081033; 0.095365; 0.101831; 0.058582; 0.389078; {min=-0.023, max=0.010}; {min=-0.019, max=0.030}; 13; 6; 1
60; 0.100; 0.000000; 0.081033; 0.095365; 0.101831; 0.058582; 0.389078; {min=-0.023, max=0.010}; {min=-0.019, max=0.030}; 13; 6; 1
61; 0.100; 0.000000; 0.081033; 0.095365; 0.101831; 0.058582; 0.389078; {min=-0.023, max=0.010}; {min=-0.019, max=0.031}; 13; 6; 1
62; 0.100; 0.000000; 0.081033; 0.095365; 0.101831; 0.058582; 0.389078; {min=-0.023, max=0.010}; {min=-0.019, max=0.031}; 13; 6; 1
63; 0.100; 0.000000; 0.081033; 0.095365; 0.101831; 0.058582; 0.389078; {min=-0.023, max=0.010}; {min=-0.019, max=0.031}; 13; 6; 1
64; 0.100; 0.000000; 0.081033; 0.095365; 0.101831; 0.058582; 0.389078; {min=-0.023, max=0.010}; {min=-0.019, max=0.031}; 13; 6; 1
65; 0.100; 0.000000; 0.081033; 0.095365; 0.101831; 0.058582; 0.389078; {min=-0.023, max=0.010}; {min=-0.019, max=0.031}; 13; 6; 1
66; 0.100; 0.000000; 0.081033; 0.095365; 0.101831; 0.058582; 0.389078; {min=-0.023, max=0.010}; {min=-0.019, max=0.031}; 13; 6; 1
67; 0.100; 0.000000; 0.081033; 0.095365; 0.101831; 0.058582; 0.389078; {min=-0.023, max=0.010}; {min=-0.019, max=0.031}; 13; 6; 1
68; 0.100; 0.000000; 0.081033; 0.095365; 0.101831; 0.058582; 0.389078; {min=-0.023, max=0.010}; {min=-0.019, max=0.031}; 13; 6; 1
69; 0.100; 0.000000; 0.081033; 0.095365; 0.101831; 0.058582; 0.389078; {min=-0.023, max=0.010}; {min=-0.019, max=0.031}; 13; 6; 1
70; 0.100; 0.000000; 0.081033; 0.095365; 0.101831; 0.058582; 0.389078; {min=-0.023, max=0.010}; {min=-0.019, max=0.031}; 13; 6; 1
71; 0.100; 0.000000; 0.081033; 0.095365; 0.101831; 0.058582; 0.389078; {min=-0.023, max=0.010}; {min=-0.019, max=0.031}; 13; 6; 1
72; 0.100; 0.000000; 0.081033; 0.095365; 0.101831; 0.058582; 0.389078; {min=-0.023, max=0.010}; {min=-0.019, max=0.031}; 13; 6; 1
73; 0.100; 0.000000; 0.081033; 0.095365; 0.101831; 0.058582; 0.389078; {min=-0.023, max=0.010}; {min=-0.019, max=0.031}; 13; 6; 1
74; 0.100; 0.000000; 0.081033; 0.095365; 0.101831; 0.058582; 0.389078; {min=-0.023, max=0.010}; {min=-0.019, max=0.031}; 13; 6; 1
75; 0.100; 0.000000; 0.081033; 0.095365; 0.101831; 0.058582; 0.389078; {min=-0.023, max=0.010}; {min=-0.019, max=0.031}; 13; 6; 1
76; 0.100; 0.000000; 0.081033; 0.095365; 0.101831; 0.058582; 0.389078; {min=-0.023, max=0.010}; {min=-0.019, max=0.031}; 13; 6; 1
77; 0.100; 0.000000; 0.081033; 0.095365; 0.101831; 0.058582; 0.389078; {min=-0.023, max=0.010}; {min=-0.019, max=0.031}; 13; 6; 1
78; 0.100; 0.000000; 0.081033; 0.095365; 0.101831; 0.058582; 0.389078; {min=-0.023, max=0.010}; {min=-0.019, max=0.031}; 13; 6; 1
79; 0.100; 0.000000; 0.081033; 0.095365; 0.101831; 0.058582; 0.389078; {min=-0.023, max=0.010}; {min=-0.019, max=0.031}; 13; 6; 1
80; 0.100; 0.000000; 0.081033; 0.095365; 0.101831; 0.058582; 0.389078; {min=-0.023, max=0.010}; {min=-0.019, max=0.031}; 13; 6; 1
81; 0.100; 0.000000; 0.081033; 0.095365; 0.101831; 0.058582; 0.389078; {min=-0.023, max=0.010}; {min=-0.019, max=0.031}; 13; 6; 1
82; 0.100; 0.000000; 0.081033; 0.095365; 0.101831; 0.058582; 0.389078; {min=-0.023, max=0.010}; {min=-0.019, max=0.031}; 13; 6; 1
83; 0.100; 0.000000; 0.081033; 0.095365; 0.101831; 0.058582; 0.389078; {min=-0.023, max=0.010}; {min=-0.019, max=0.031}; 13; 6; 1
84; 0.100; 0.000000; 0.081033; 0.095365; 0.101831; 0.058582; 0.389078; {min=-0.023, max=0.010}; {min=-0.019, max=0.031}; 13; 6; 1
85; 0.100; 0.000000; 0.081033; 0.095365; 0.101831; 0.058582; 0.389078; {min=-0.023, max=0.010}; {min=-0.019, max=0.031}; 13; 6; 1
86; 0.100; 0.000000; 0.081033; 0.095365; 0.101831; 0.058582; 0.389078; {min=-0.023, max=0.010}; {min=-0.019, max=0.031}; 13; 6; 1
87; 0.100; 0.000000; 0.081033; 0.095365; 0.101831; 0.058582; 0.389078; {min=-0.023, max=0.010}; {min=-0.019, max=0.031}; 13; 6; 1
88; 0.100; 0.000000; 0.081033; 0.095365; 0.101831; 0.058582; 0.389078; {min=-0.023, max=0.010}; {min=-0.019, max=0.031}; 13; 6; 1
89; 0.100; 0.000000; 0.081033; 0.095365; 0.101831; 0.058582; 0.389078; {min=-0.023, max=0.010}; {min=-0.019, max=0.031}; 13; 6; 1
90; 0.100; 0.000000; 0.081033; 0.095365; 0.101831; 0.058582; 0.389078; {min=-0.023, max=0.010}; {min=-0.019, max=0.031}; 13; 6; 1
91; 0.100; 0.000000; 0.081033; 0.095365; 0.101831; 0.058582; 0.389078; {min=-0.023, max=0.010}; {min=-0.019, max=0.031}; 13; 6; 1
92; 0.100; 0.000000; 0.081033; 0.095365; 0.101831; 0.058582; 0.389078; {min=-0.023, max=0.010}; {min=-0.019, max=0.031}; 13; 6; 1
93; 0.100; 0.000000; 0.081033; 0.095365; 0.101831; 0.058582; 0.389078; {min=-0.023, max=0.010}; {min=-0.019, max=0.031}; 13; 6; 1
94; 0.100; 0.000000; 0.081033; 0.095365; 0.101831; 0.058582; 0.389078; {min=-0.023, max=0.010}; {min=-0.019, max=0.031}; 13; 6; 1
95; 0.100; 0.000000; 0.081033; 0.095365; 0.101831; 0.058582; 0.389078; {min=-0.023, max=0.010}; {min=-0.019, max=0.031}; 13; 6; 1
96; 0.100; 0.000000; 0.081033; 0.095365; 0.101831; 0.058582; 0.389078; {min=-0.023, max=0.010}; {min=-0.019, max=0.031}; 13; 6; 1
97; 0.100; 0.000000; 0.081033; 0.095365; 0.101831; 0.058582; 0.389078; {min=-0.023, max=0.010}; {min=-0.019, max=0.031}; 13; 6; 1
98; 0.100; 0.000000; 0.081033; 0.095365; 0.101831; 0.058582; 0.389078; {min=-0.023, max=0.010}; {min=-0.019, max=0.031}; 13; 6; 1
99; 0.100; 0.000000; 0.081033; 0.095365; 0.101831; 0.058582; 0.389078; {min=-0.023, max=0.010}; {min=-0.019, max=0.031}; 13; 6; 1
100; 0.100; 0.000000; 0.081033; 0.095365; 0.101831; 0.058582; 0.389078; {min=-0.023, max=0.010}; {min=-0.019, max=0.031}; 13; 6; 1
101; 0.100; 0.000000; 0.081033; 0.095365; 0.101831; 0.058582; 0.389078; {min=-0.023, max=0.010}; {min=-0.019, max=0.031}; 13; 6; 1
102; 0.100; 0.000000; 0.081033; 0.095365; 0.101831; 0.058582; 0.389078; {min=-0.023, max=0.010}; {min=-0.019, max=0.031}; 13; 6; 1
103; 0.067; 0.000000; 0.081033; 0.095365; 0.101831; 0.058582; 0.389078; {min=-0.023, max=0.010}; {min=-0.019, max=0.031}; 14; 5; 1
104; 0.033; 0.000000; 0.081033; 0.095365; 0.101831; 0.058582; 0.389078; {min=-0.023, max=0.010}; {min=-0.019, max=0.031}; 14; 5; 1
105; 0.000; 0.000000; 0.081033; 0.095365; 0.101831; 0.058582; 0.389078; {min=-0.023, max=0.010}; {min=-0.019, max=0.030}; 14; 5; 1
106; 0.000; 0.000000; 0.081033; 0.095365; 0.101831; 0.058582; 0.389078; {min=-0.023, max=0.010}; {min=-0.019, max=0.030}; 14; 5; 1
107; 0.000; 0.000001; 0.081033; 0.095365; 0.101831; 0.058582; 0.389078; {min=-0.023, max=0.010}; {min=-0.019, max=0.030}; 14; 5; 1
108; 0.000; 0.000001; 0.081033; 0.095365; 0.101831; 0.058582; 0.389078; {min=-0.023, max=0.010}; {min=-0.019, max=0.030}; 14; 5; 1
109; 0.000; 0.000001; 0.081033; 0.095365; 0.101831; 0.058582; 0.389078; {min=-0.023, max=0.010}; {min=-0.019, max=0.030}; 14; 5; 1
110; 0.000; 0.000001; 0.081033; 0.095365; 0.101831; 0.058582; 0.389078; {min=-0.023, max=0.010}; {min=-0.019, max=0.030}; 14; 5; 1
111; 0.000; 0.000001; 0.081033; 0.095365; 0.101831; 0.058582; 0.389078; {min=-0.023, max=0.010}; {min=-0.019, max=0.030}; 14; 5; 1
112; 0.000; 0.000000; 0.081033; 0.095365; 0.101831; 0.058582; 0.389078; {min=-0.023, max=0.010}; {min=-0.019, max=0.030}; 14; 5; 1
113; 0.000; 0.000001; 0.081033; 0.095365; 0.101831; 0.058582; 0.389078; {min=-0.023, max=0.010}; {min=-0.019, max=0.030}; 14; 5; 1
114; 0.000; 0.000000; 0.081033; 0.095365; 0.101831; 0.058582; 0.389078; {min=-0.023, max=0.010}; {min=-0.019, max=0.030}; 14; 5; 1
115; 0.000; 0.000000; 0.081033; 0.095365; 0.101831; 0.058582; 0.389078; {min=-0.023, max=0.010}; {min=-0.019, max=0.030}; 14; 5; 1
116; 0.000; 0.000000; 0.081033; 0.095365; 0.101831; 0.058582; 0.389078; {min=-0.023, max=0.010}; {min=-0.018, max=0.031}; 14; 5; 1
117; 0.000; 0.000000; 0.081033; 0.095365; 0.101831; 0.058582; 0.389078; {min=-0.023, max=0.010}; {min=-0.018, max=0.031}; 14; 5; 1
118; 0.000; 0.000000; 0.081033; 0.095365; 0.101831; 0.058582; 0.389078; {min=-0.023, max=0.010}; {min=-0.018, max=0.031}; 14; 5; 1
119; 0.000; 0.000000; 0.081033; 0.095365; 0.101831; 0.058582; 0.389078; {min=-0.023, max=0.010}; {min=-0.018, max=0.031}; 14; 5; 1
120; 0.000; 0.000000; 0.081033; 0.095365; 0.101831; 0.058582; 0.389078; {min=-0.023, max=0.010}; {min=-0.018, max=0.031}; 14; 5; 1
121; 0.000; 0.000000; 0.081033; 0.095365; 0.101831; 0.058582; 0.389078; {min=-0.023, max=0.010}; {min=-0.018, max=0.031}; 14; 5; 1
122; 0.000; 0.000000; 0.081033; 0.095365; 0.101831; 0.058582; 0.389078; {min=-0.023, max=0.010}; {min=-0.018, max=0.031}; 14; 5; 1
123; 0.000; 0.000000; 0.081033; 0.095365; 0.101831; 0.058582; 0.389078; {min=-0.023, max=0.010}; {min=-0.018, max=0.031}; 14; 5; 1
124; 0.000; 0.000000; 0.081033; 0.095365; 0.101831; 0.058582; 0.389078; {min=-0.023, max=0.010}; {min=-0.018, max=0.031}; 14; 5; 1
125; 0.000; 0.000000; 0.081033; 0.095365; 0.101831; 0.058582; 0.389078; {min=-0.023, max=0.010}; {min=-0.018, max=0.031}; 14; 5; 1
126; 0.000; 0.000000; 0.081033; 0.095365; 0.101831; 0.058582; 0.389078; {min=-0.023, max=0.010}; {min=-0.018, max=0.031}; 14; 5; 1
127; 0.000; 0.000000; 0.081033; 0.095365; 0.101831; 0.058582; 0.389078; {min=-0.023, max=0.010}; {min=-0.018, max=0.031}; 14; 5; 1
128; 0.000; 0.000000; 0.081033; 0.095365; 0.101831; 0.058582; 0.389078; {min=-0.023, max=0.010}; {min=-0.018, max=0.031}; 14; 5; 1
129; 0.000; 0.000000; 0.081033; 0.095365; 0.101831; 0.058582; 0.389078; {min=-0.023, max=0.010}; {min=-0.018, max=0.031}; 14; 5; 1
130; 0.000; 0.000000; 0.081033; 0.095365; 0.101831; 0.058582; 0.389078; {min=-0.023, max=0.010}; {min=-0.018, max=0.031}; 14; 5; 1
131; 0.000; 0.000000; 0.081033; 0.095365; 0.101831; 0.058582; 0.389078; {min=-0.023, max=0.010}; {min=-0.018, max=0.031}; 14; 5; 1
132; 0.000; 0.000000; 0.081033; 0.095365; 0.101831; 0.058582; 0.389078; {min=-0.023, max=0.010}; {min=-0.018, max=0.030}; 14; 5; 1
133; 0.000; 0.000000; 0.081033; 0.095365; 0.101831; 0.058582; 0.389078; {min=-0.023, max=0.010}; {min=-0.018, max=0.030}; 14; 5; 1
134; 0.000; 0.000000; 0.081033; 0.095365; 0.101831; 0.058582; 0.389078; {min=-0.023, max=0.010}; {min=-0.019, max=0.030}; 14; 5; 1
135; 0.000; 0.000001; 0.081033; 0.095365; 0.101831; 0.058582; 0.389078; {min=-0.023, max=0.010}; {min=-0.019, max=0.030}; 14; 5; 1
136; 0.000; 0.000001; 0.081033; 0.095365; 0.101831; 0.058582; 0.389078; {min=-0.023, max=0.010}; {min=-0.019, max=0.030}; 14; 5; 1
137; 0.000; 0.000002; 0.081033; 0.095365; 0.101831; 0.058582; 0.389078; {min=-0.023, max=0.010}; {min=-0.019, max=0.030}; 14; 5; 1
138; 0.000; 0.000003; 0.081033; 0.095365; 0.101831; 0.058582; 0.389078; {min=-0.023, max=0.010}; {min=-0.019, max=0.029}; 14; 5; 1
139; 0.000; 0.000004; 0.081033; 0.095365; 0.101831; 0.058582; 0.389078; {min=-0.023, max=0.010}; {min=-0.019, max=0.029}; 14; 5; 1
140; 0.000; 0.000005; 0.081033; 0.095365; 0.101831; 0.058582; 0.389078; {min=-0.023, max=0.010}; {min=-0.019, max=0.028}; 14; 5; 1
141; 0.000; 0.000005; 0.081033; 0.095365; 0.101831; 0.058582; 0.389078; {min=-0.023, max=0.010}; {min=-0.019, max=0.028}; 14; 5; 1
142; 0.000; 0.000004; 0.081033; 0.095365; 0.101831; 0.058582; 0.389078; {min=-0.023, max=0.010}; {min=-0.019, max=0.028}; 14; 5; 1
143; 0.000; 0.000003; 0.081033; 0.095365; 0.101831; 0.058582; 0.389078; {min=-0.023, max=0.010}; {min=-0.019, max=0.029}; 14; 5; 1
144; 0.000; 0.000002; 0.081033; 0.095365; 0.101831; 0.058582; 0.389078; {min=-0.023, max=0.010}; {min=-0.019, max=0.029}; 14; 5; 1
145; 0.000; 0.000001; 0.081033; 0.095365; 0.101831; 0.058582; 0.389078; {min=-0.023, max=0.010}; {min=-0.019, max=0.029}; 14; 5; 1
146; 0.000; 0.000001; 0.081033; 0.095365; 0.101831; 0.058582; 0.389078; {min=-0.023, max=0.010}; {min=-0.019, max=0.030}; 14; 5; 1
147; 0.000; 0.000000; 0.081033; 0.095365; 0.101831; 0.058582; 0.389078; {min=-0.023, max=0.010}; {min=-0.019, max=0.030}; 14; 5; 1
148; 0.000; 0.000000; 0.081033; 0.095365; 0.101831; 0.058582; 0.389078; {min=-0.023, max=0.010}; {min=-0.019, max=0.030}; 14; 5; 1
149; 0.000; 0.000000; 0.081033; 0.095365; 0.101831; 0.058582; 0.389078; {min=-0.023, max=0.010}; {min=-0.019, max=0.030}; 14; 5; 1
150; 0.000; 0.000000; 0.081033; 0.095365; 0.101831; 0.058582; 0.389078; {min=-0.023, max=0.010}; {min=-0.018, max=0.030}; 14; 5; 1
151; 0.000; 0.000000; 0.081033; 0.095365; 0.101831; 0.058582; 0.389078; {min=-0.023, max=0.010}; {min=-0.018, max=0.030}; 14; 5; 1
152; 0.000; 0.000000; 0.081033; 0.095365; 0.101831; 0.058582; 0.389078; {min=-0.023, max=0.010}; {min=-0.018, max=0.030}; 14; 5; 1
153; 0.000; 0.000000; 0.081033; 0.095365; 0.101831; 0.058582; 0.389078; {min=-0.023, max=0.010}; {min=-0.018, max=0.030}; 14; 5; 1
154; 0.000; 0.000000; 0.081033; 0.095365; 0.101831; 0.058582; 0.389078; {min=-0.023, max=0.010}; {min=-0.018, max=0.030}; 14; 5; 1
155; 0.000; 0.000000; 0.081033; 0.095365; 0.101831; 0.058582; 0.389078; {min=-0.023, max=0.010}; {min=-0.019, max=0.030}; 14; 5; 1
156; 0.000; 0.000000; 0.081033; 0.095365; 0.101831; 0.058582; 0.389078; {min=-0.023, max=0.010}; {min=-0.019, max=0.030}; 14; 5; 1
157; 0.000; 0.000001; 0.081033; 0.095365; 0.101831; 0.058582; 0.389078; {min=-0.023, max=0.010}; {min=-0.019, max=0.030}; 14; 5; 1
158; 0.000; 0.000001; 0.081033; 0.095365; 0.101831; 0.058582; 0.389078; {min=-0.023, max=0.010}; {min=-0.019, max=0.030}; 14; 5; 1
159; 0.000; 0.000002; 0.081033; 0.095365; 0.101831; 0.058582; 0.389078; {min=-0.023, max=0.010}; {min=-0.019, max=0.029}; 14; 5; 1
160; 0.000; 0.000003; 0.081033; 0.095365; 0.101831; 0.058582; 0.389078; {min=-0.023, max=0.010}; {min=-0.019, max=0.029}; 14; 5; 1
161; 0.000; 0.000005; 0.081033; 0.095365; 0.101831; 0.058582; 0.389078; {min=-0.023, max=0.010}; {min=-0.019, max=0.028}; 14; 5; 1
162; 0.000; 0.000007; 0.081033; 0.095365; 0.101831; 0.058582; 0.389078; {min=-0.023, max=0.010}; {min=-0.019, max=0.028}; 14; 5; 1
163; 0.000; 0.000007; 0.081033; 0.095365; 0.101831; 0.058582; 0.389078; {min=-0.023, max=0.010}; {min=-0.019, max=0.028}; 14; 5; 1
164; 0.000; 0.000006; 0.081033; 0.095365; 0.093948; 0.053443; 0.388060; {min=-0.021, max=0.008}; {min=-0.019, max=0.028}; 13; 6; 1
165; 0.000; 0.000004; 0.081033; 0.095365; 0.101831; 0.058582; 0.389078; {min=-0.023, max=0.010}; {min=-0.019, max=0.028}; 14; 5; 1
166; 0.000; 0.000003; 0.081033; 0.095365; 0.101831; 0.058582; 0.389078; {min=-0.023, max=0.010}; {min=-0.019, max=0.029}; 14; 5; 1
167; 0.000; 0.000002; 0.081033; 0.095365; 0.101831; 0.058582; 0.389078; {min=-0.023, max=0.010}; {min=-0.019, max=0.029}; 14; 5; 1
168; 0.000; 0.000001; 0.081033; 0.095365; 0.101831; 0.058582; 0.389078; {min=-0.023, max=0.010}; {min=-0.019, max=0.029}; 14; 5; 1
169; 0.000; 0.000001; 0.081033; 0.095365; 0.101831; 0.058582; 0.389078; {min=-0.023, max=0.010}; {min=-0.019, max=0.030}; 14; 5; 1
170; 0.000; 0.000000; 0.081033; 0.095365; 0.101831; 0.058582; 0.389078; {min=-0.023, max=0.010}; {min=-0.018, max=0.030}; 14; 5; 1
171; 0.000; 0.000000; 0.081033; 0.095365; 0.101831; 0.058582; 0.389078; {min=-0.023, max=0.010}; {min=-0.018, max=0.030}; 14; 5; 1
172; 0.000; 0.000000; 0.081033; 0.095365; 0.101831; 0.058582; 0.389078; {min=-0.023, max=0.010}; {min=-0.018, max=0.030}; 14; 5; 1
173; 0.000; 0.000000; 0.081033; 0.095365; 0.101831; 0.058582; 0.389078; {min=-0.023, max=0.010}; {min=-0.018, max=0.030}; 14; 5; 1
174; 0.000; 0.000000; 0.081033; 0.095365; 0.101831; 0.058582; 0.389078; {min=-0.023, max=0.010}; {min=-0.018, max=0.030}; 14; 5; 1
175; 0.000; 0.000000; 0.081033; 0.095365; 0.101831; 0.058582; 0.389078; {min=-0.023, max=0.010}; {min=-0.018, max=0.030}; 14; 5; 1
176; 0.000; 0.000000; 0.081033; 0.095365; 0.101831; 0.058582; 0.389078; {min=-0.023, max=0.010}; {min=-0.018, max=0.030}; 14; 5; 1
177; 0.000; 0.000000; 0.081033; 0.095365; 0.101831; 0.058582; 0.389078; {min=-0.023, max=0.010}; {min=-0.018, max=0.030}; 14; 5; 1
178; 0.000; 0.000000; 0.081033; 0.095365; 0.101831; 0.058582; 0.389078; {min=-0.023, max=0.010}; {min=-0.018, max=0.030}; 14; 5; 1
179; 0.000; 0.000001; 0.081033; 0.095365; 0.101831; 0.058582; 0.389078; {min=-0.023, max=0.010}; {min=-0.019, max=0.030}; 14; 5; 1
180; 0.000; 0.000001; 0.081033; 0.095365; 0.101831; 0.058582; 0.389078; {min=-0.023, max=0.010}; {min=-0.019, max=0.030}; 14; 5; 1
181; 0.000; 0.000002; 0.081033; 0.095365; 0.101831; 0.058582; 0.389078; {min=-0.023, max=0.010}; {min=-0.019, max=0.030}; 14; 5; 1
182; 0.000; 0.000003; 0.081033; 0.095365; 0.101831; 0.058582; 0.389078; {min=-0.023, max=0.010}; {min=-0.019, max=0.029}; 14; 5; 1
183; 0.000; 0.000005; 0.081033; 0.095365; 0.101831; 0.058582; 0.389078; {min=-0.023, max=0.010}; {min=-0.019, max=0.028}; 14; 5; 1
184; 0.000; 0.000010; 0.081033; 0.095365; 0.092141; 0.052415; 0.380597; {min=-0.021, max=0.010}; {min=-0.019, max=0.028}; 13; 6; 1
185; 0.000; 0.000012; 0.081033; 0.095365; 0.101831; 0.058582; 0.389078; {min=-0.023, max=0.010}; {min=-0.020, max=0.027}; 14; 5; 1
186; 0.000; 0.000013; 0.081033; 0.095365; 0.101831; 0.058582; 0.389078; {min=-0.023, max=0.010}; {min=-0.021, max=0.027}; 14; 5; 1
187; 0.000; 0.000008; 0.081033; 0.095365; 0.101831; 0.058582; 0.389078; {min=-0.023, max=0.010}; {min=-0.021, max=0.027}; 14; 5; 1
188; 0.000; 0.000005; 0.081033; 0.095365; 0.101831; 0.058582; 0.389078; {min=-0.023, max=0.010}; {min=-0.020, max=0.028}; 14; 5; 1
189; 0.000; 0.000003; 0.081033; 0.095365; 0.101831; 0.058582; 0.389078; {min=-0.023, max=0.010}; {min=-0.020, max=0.028}; 14; 5; 1
190; 0.000; 0.000002; 0.081033; 0.095365; 0.100623; 0.058068; 0.376667; {min=-0.024, max=0.010}; {min=-0.020, max=0.029}; 15; 4; 1
191; 0.000; 0.000001; 0.081033; 0.095365; 0.100623; 0.058068; 0.376667; {min=-0.024, max=0.010}; {min=-0.020, max=0.030}; 15; 4; 1
192; 0.000; 0.000001; 0.081033; 0.095365; 0.100623; 0.058068; 0.376667; {min=-0.024, max=0.010}; {min=-0.020, max=0.030}; 15; 4; 1
193; 0.000; 0.000001; 0.081033; 0.095365; 0.101831; 0.058582; 0.389078; {min=-0.023, max=0.010}; {min=-0.020, max=0.030}; 14; 5; 1
194; 0.000; 0.000001; 0.081033; 0.095365; 0.100623; 0.058068; 0.376667; {min=-0.024, max=0.010}; {min=-0.020, max=0.030}; 15; 4; 1
195; 0.000; 0.000000; 0.081033; 0.095365; 0.100623; 0.058068; 0.376667; {min=-0.024, max=0.010}; {min=-0.020, max=0.030}; 15; 4; 1
196; 0.000; 0.000000; 0.081033; 0.095365; 0.101831; 0.058582; 0.389078; {min=-0.023, max=0.010}; {min=-0.020, max=0.030}; 14; 5; 1
197; 0.000; 0.000001; 0.081033; 0.095365; 0.101831; 0.058582; 0.389078; {min=-0.023, max=0.010}; {min=-0.020, max=0.030}; 14; 5; 1
198; 0.000; 0.000001; 0.081033; 0.095365; 0.101831; 0.058582; 0.389078; {min=-0.023, max=0.010}; {min=-0.020, max=0.030}; 14; 5; 1
199; 0.000; 0.000001; 0.081033; 0.095365; 0.101831; 0.058582; 0.389078; {min=-0.023, max=0.010}; {min=-0.020, max=0.030}; 14; 5; 1
200; 0.000; 0.000002; 0.081033; 0.095365; 0.101831; 0.058582; 0.389078; {min=-0.023, max=0.010}; {min=-0.020, max=0.029}; 14; 5; 1
201; 0.000; 0.000003; 0.081033; 0.095365; 0.092141; 0.052415; 0.380597; {min=-0.021, max=0.010}; {min=-0.020, max=0.029}; 13; 6; 1
202; 0.000; 0.000005; 0.081033; 0.095365; 0.092141; 0.052415; 0.380597; {min=-0.021, max=0.010}; {min=-0.021, max=0.028}; 13; 6; 1
203; 0.000; 0.000007; 0.081033; 0.095365; 0.092141; 0.052415; 0.380597; {min=-0.021, max=0.010}; {min=-0.021, max=0.028}; 13; 6; 1
204; 0.000; 0.000008; 0.081033; 0.095365; 0.092141; 0.052415; 0.380597; {min=-0.021, max=0.010}; {min=-0.021, max=0.028}; 13; 6; 1
205; 0.000; 0.000008; 0.081033; 0.095365; 0.092141; 0.052415; 0.380597; {min=-0.021, max=0.010}; {min=-0.021, max=0.027}; 13; 6; 1
206; 0.000; 0.000006; 0.081033; 0.095365; 0.092141; 0.052415; 0.380597; {min=-0.021, max=0.010}; {min=-0.021, max=0.027}; 13; 6; 1
207; 0.000; 0.000004; 0.081033; 0.095365; 0.092141; 0.052415; 0.380597; {min=-0.021, max=0.010}; {min=-0.021, max=0.028}; 13; 6; 1
208; 0.000; 0.000002; 0.081033; 0.095365; 0.092141; 0.052415; 0.380597; {min=-0.021, max=0.010}; {min=-0.021, max=0.029}; 13; 6; 1
209; 0.000; 0.000001; 0.081033; 0.095365; 0.097670; 0.056012; 0.381119; {min=-0.019, max=0.010}; {min=-0.021, max=0.029}; 14; 5; 1
210; 0.000; 0.000001; 0.081033; 0.095365; 0.097670; 0.056012; 0.381119; {min=-0.019, max=0.010}; {min=-0.021, max=0.030}; 14; 5; 1
211; 0.000; 0.000001; 0.081033; 0.095365; 0.097670; 0.056012; 0.381119; {min=-0.019, max=0.010}; {min=-0.021, max=0.030}; 14; 5; 1
212; 0.000; 0.000001; 0.081033; 0.095365; 0.092141; 0.052415; 0.380597; {min=-0.021, max=0.010}; {min=-0.021, max=0.030}; 13; 6; 1
213; 0.000; 0.000001; 0.081033; 0.095365; 0.092141; 0.052415; 0.380597; {min=-0.021, max=0.010}; {min=-0.021, max=0.031}; 13; 6; 1
214; 0.000; 0.000001; 0.081033; 0.095365; 0.092141; 0.052415; 0.380597; {min=-0.021, max=0.010}; {min=-0.021, max=0.031}; 13; 6; 1
215; 0.000; 0.000001; 0.081033; 0.095365; 0.092141; 0.052415; 0.380597; {min=-0.021, max=0.010}; {min=-0.021, max=0.031}; 13; 6; 1
216; 0.000; 0.000002; 0.081033; 0.095365; 0.092141; 0.052415; 0.380597; {min=-0.021, max=0.010}; {min=-0.022, max=0.031}; 13; 6; 1
217; 0.000; 0.000002; 0.081033; 0.095365; 0.092141; 0.052415; 0.380597; {min=-0.021, max=0.010}; {min=-0.022, max=0.031}; 13; 6; 1
218; 0.000; 0.000003; 0.081033; 0.095365; 0.092141; 0.052415; 0.380597; {min=-0.021, max=0.010}; {min=-0.022, max=0.031}; 13; 6; 1
219; 0.000; 0.000003; 0.081033; 0.095365; 0.092141; 0.052415; 0.380597; {min=-0.021, max=0.010}; {min=-0.022, max=0.031}; 13; 6; 1
220; 0.000; 0.000002; 0.081033; 0.095365; 0.092141; 0.052415; 0.380597; {min=-0.021, max=0.010}; {min=-0.022, max=0.031}; 13; 6; 1
221; 0.000; 0.000001; 0.081033; 0.095365; 0.092141; 0.052415; 0.380597; {min=-0.021, max=0.010}; {min=-0.022, max=0.031}; 13; 6; 1
222; 0.000; 0.000001; 0.081033; 0.095365; 0.092141; 0.052415; 0.380597; {min=-0.021, max=0.010}; {min=-0.022, max=0.031}; 13; 6; 1
223; 0.000; 0.000001; 0.081033; 0.095365; 0.092141; 0.052415; 0.380597; {min=-0.021, max=0.010}; {min=-0.022, max=0.031}; 13; 6; 1
224; 0.000; 0.000001; 0.081033; 0.095365; 0.092141; 0.052415; 0.380597; {min=-0.021, max=0.010}; {min=-0.022, max=0.031}; 13; 6; 1
225; 0.000; 0.000001; 0.081033; 0.095365; 0.092141; 0.052415; 0.380597; {min=-0.021, max=0.010}; {min=-0.022, max=0.031}; 13; 6; 1
226; 0.000; 0.000001; 0.081033; 0.095365; 0.092141; 0.052415; 0.380597; {min=-0.021, max=0.010}; {min=-0.022, max=0.031}; 13; 6; 1
227; 0.000; 0.000002; 0.081033; 0.095365; 0.092141; 0.052415; 0.380597; {min=-0.021, max=0.010}; {min=-0.022, max=0.031}; 13; 6; 1
228; 0.000; 0.000002; 0.081033; 0.095365; 0.092141; 0.052415; 0.380597; {min=-0.021, max=0.010}; {min=-0.022, max=0.031}; 13; 6; 1
229; 0.000; 0.000002; 0.081033; 0.095365; 0.092141; 0.052415; 0.380597; {min=-0.021, max=0.010}; {min=-0.022, max=0.031}; 13; 6; 1
230; 0.000; 0.000001; 0.081033; 0.095365; 0.092141; 0.052415; 0.380597; {min=-0.021, max=0.010}; {min=-0.022, max=0.031}; 13; 6; 1
231; 0.000; 0.000001; 0.081033; 0.095365; 0.092141; 0.052415; 0.380597; {min=-0.021, max=0.010}; {min=-0.022, max=0.031}; 13; 6; 1
232; 0.000; 0.000001; 0.081033; 0.095365; 0.092141; 0.052415; 0.380597; {min=-0.021, max=0.010}; {min=-0.022, max=0.030}; 13; 6; 1
233; 0.000; 0.000001; 0.081033; 0.095365; 0.092141; 0.052415; 0.380597; {min=-0.021, max=0.010}; {min=-0.022, max=0.030}; 13; 6; 1
234; 0.000; 0.000002; 0.081033; 0.095365; 0.092141; 0.052415; 0.380597; {min=-0.021, max=0.010}; {min=-0.022, max=0.030}; 13; 6; 1
235; 0.000; 0.000002; 0.081033; 0.095365; 0.092141; 0.052415; 0.380597; {min=-0.021, max=0.010}; {min=-0.022, max=0.030}; 13; 6; 1
236; 0.000; 0.000004; 0.081033; 0.095365; 0.092141; 0.052415; 0.380597; {min=-0.021, max=0.010}; {min=-0.022, max=0.029}; 13; 6; 1
237; 0.000; 0.000010; 0.081033; 0.095365; 0.092141; 0.052415; 0.380597; {min=-0.021, max=0.010}; {min=-0.022, max=0.028}; 13; 6; 1
238; 0.000; 0.000018; 0.081033; 0.095365; 0.092141; 0.052415; 0.380597; {min=-0.021, max=0.010}; {min=-0.021, max=0.026}; 13; 6; 1
239; 0.000; 0.000020; 0.081033; 0.095365; 0.084057; 0.047276; 0.378601; {min=-0.019, max=0.008}; {min=-0.022, max=0.025}; 12; 7; 1
240; 0.000; 0.000012; 0.081033; 0.095365; 0.084057; 0.047276; 0.378601; {min=-0.019, max=0.008}; {min=-0.022, max=0.025}; 12; 7; 1
241; 0.000; 0.000005; 0.081033; 0.095365; 0.084057; 0.047276; 0.378601; {min=-0.019, max=0.008}; {min=-0.021, max=0.027}; 12; 7; 1
242; 0.000; 0.000002; 0.081033; 0.095365; 0.092141; 0.052415; 0.380597; {min=-0.021, max=0.010}; {min=-0.020, max=0.028}; 13; 6; 1
243; 0.000; 0.000001; 0.081033; 0.095365; 0.092141; 0.052415; 0.380597; {min=-0.021, max=0.010}; {min=-0.020, max=0.029}; 13; 6; 1
244; 0.000; 0.000000; 0.081033; 0.095365; 0.092141; 0.052415; 0.380597; {min=-0.021, max=0.010}; {min=-0.020, max=0.030}; 13; 6; 1
245; 0.000; 0.000000; 0.081033; 0.095365; 0.092141; 0.052415; 0.380597; {min=-0.021, max=0.010}; {min=-0.020, max=0.030}; 13; 6; 1
246; 0.000; 0.000000; 0.081033; 0.095365; 0.092141; 0.052415; 0.380597; {min=-0.021, max=0.010}; {min=-0.020, max=0.030}; 13; 6; 1
247; 0.000; 0.000000; 0.081033; 0.095365; 0.092141; 0.052415; 0.380597; {min=-0.021, max=0.010}; {min=-0.020, max=0.031}; 13; 6; 1
248; 0.000; 0.000000; 0.081033; 0.095365; 0.092141; 0.052415; 0.380597; {min=-0.021, max=0.010}; {min=-0.020, max=0.031}; 13; 6; 1
249; 0.000; 0.000000; 0.081033; 0.095365; 0.092141; 0.052415; 0.380597; {min=-0.021, max=0.010}; {min=-0.020, max=0.031}; 13; 6; 1
250; 0.000; 0.000000; 0.081033; 0.095365; 0.092141; 0.052415; 0.380597; {min=-0.021, max=0.010}; {min=-0.020, max=0.031}; 13; 6; 1
251; 0.000; 0.000000; 0.081033; 0.095365; 0.092141; 0.052415; 0.380597; {min=-0.021, max=0.010}; {min=-0.020, max=0.031}; 13; 6; 1
252; 0.000; 0.000000; 0.081033; 0.095365; 0.092141; 0.052415; 0.380597; {min=-0.021, max=0.010}; {min=-0.020, max=0.031}; 13; 6; 1
253; 0.000; 0.000000; 0.081033; 0.095365; 0.092141; 0.052415; 0.380597; {min=-0.021, max=0.010}; {min=-0.020, max=0.031}; 13; 6; 1
254; 0.000; 0.000000; 0.081033; 0.095365; 0.092141; 0.052415; 0.380597; {min=-0.021, max=0.010}; {min=-0.020, max=0.031}; 13; 6; 1
255; 0.000; 0.000000; 0.081033; 0.095365; 0.092141; 0.052415; 0.380597; {min=-0.021, max=0.010}; {min=-0.020, max=0.030}; 13; 6; 1
256; 0.000; 0.000001; 0.081033; 0.095365; 0.092141; 0.052415; 0.380597; {min=-0.021, max=0.010}; {min=-0.020, max=0.030}; 13; 6; 1
257; 0.000; 0.000001; 0.081033; 0.095365; 0.092141; 0.052415; 0.380597; {min=-0.021, max=0.010}; {min=-0.019, max=0.030}; 13; 6; 1
258; 0.000; 0.000003; 0.081033; 0.095365; 0.092141; 0.052415; 0.380597; {min=-0.021, max=0.010}; {min=-0.019, max=0.030}; 13; 6; 1
259; 0.000; 0.000006; 0.081033; 0.095365; 0.092141; 0.052415; 0.380597; {min=-0.021, max=0.010}; {min=-0.018, max=0.030}; 13; 6; 1
260; 0.000; 0.000008; 0.081033; 0.095365; 0.084057; 0.047276; 0.378601; {min=-0.019, max=0.008}; {min=-0.019, max=0.029}; 12; 7; 1
261; 0.000; 0.000009; 0.081033; 0.095365; 0.084057; 0.047276; 0.378601; {min=-0.019, max=0.008}; {min=-0.019, max=0.029}; 12; 7; 1
262; 0.000; 0.000008; 0.081033; 0.095365; 0.084057; 0.047276; 0.378601; {min=-0.019, max=0.008}; {min=-0.019, max=0.028}; 12; 7; 1
263; 0.000; 0.000006; 0.081033; 0.095365; 0.084057; 0.047276; 0.378601; {min=-0.019, max=0.008}; {min=-0.019, max=0.028}; 12; 7; 1
264; 0.000; 0.000005; 0.081033; 0.095365; 0.092141; 0.052415; 0.380597; {min=-0.021, max=0.010}; {min=-0.020, max=0.028}; 13; 6; 1
265; 0.000; 0.000005; 0.081033; 0.095365; 0.092141; 0.052415; 0.380597; {min=-0.021, max=0.010}; {min=-0.020, max=0.028}; 13; 6; 1
266; 0.000; 0.000005; 0.081033; 0.095365; 0.092141; 0.052415; 0.380597; {min=-0.021, max=0.010}; {min=-0.020, max=0.028}; 13; 6; 1
267; 0.000; 0.000005; 0.081033; 0.095365; 0.092141; 0.052415; 0.380597; {min=-0.021, max=0.010}; {min=-0.021, max=0.028}; 13; 6; 1
268; 0.000; 0.000005; 0.081033; 0.095365; 0.092141; 0.052415; 0.380597; {min=-0.021, max=0.010}; {min=-0.021, max=0.028}; 13; 6; 1
269; 0.000; 0.000004; 0.081033; 0.095365; 0.092141; 0.052415; 0.380597; {min=-0.021, max=0.010}; {min=-0.021, max=0.028}; 13; 6; 1
270; 0.000; 0.000003; 0.081033; 0.095365; 0.092141; 0.052415; 0.380597; {min=-0.021, max=0.010}; {min=-0.021, max=0.028}; 13; 6; 1
271; 0.000; 0.000002; 0.081033; 0.095365; 0.092141; 0.052415; 0.380597; {min=-0.021, max=0.010}; {min=-0.021, max=0.029}; 13; 6; 1
272; 0.000; 0.000002; 0.081033; 0.095365; 0.092141; 0.052415; 0.380597; {min=-0.021, max=0.010}; {min=-0.021, max=0.029}; 13; 6; 1
273; 0.000; 0.000002; 0.081033; 0.095365; 0.092141; 0.052415; 0.380597; {min=-0.021, max=0.010}; {min=-0.021, max=0.029}; 13; 6; 1
274; 0.000; 0.000002; 0.081033; 0.095365; 0.092141; 0.052415; 0.380597; {min=-0.021, max=0.010}; {min=-0.021, max=0.029}; 13; 6; 1
275; 0.000; 0.000002; 0.081033; 0.095365; 0.092141; 0.052415; 0.380597; {min=-0.021, max=0.010}; {min=-0.021, max=0.029}; 13; 6; 1
276; 0.000; 0.000003; 0.081033; 0.095365; 0.092141; 0.052415; 0.380597; {min=-0.021, max=0.010}; {min=-0.021, max=0.029}; 13; 6; 1
277; 0.000; 0.000003; 0.081033; 0.095365; 0.092141; 0.052415; 0.380597; {min=-0.021, max=0.010}; {min=-0.021, max=0.029}; 13; 6; 1
278; 0.000; 0.000003; 0.081033; 0.095365; 0.092141; 0.052415; 0.380597; {min=-0.021, max=0.010}; {min=-0.021, max=0.029}; 13; 6; 1
279; 0.000; 0.000003; 0.081033; 0.095365; 0.092141; 0.052415; 0.380597; {min=-0.021, max=0.010}; {min=-0.021, max=0.029}; 13; 6; 1
280; 0.000; 0.000003; 0.081033; 0.095365; 0.092141; 0.052415; 0.380597; {min=-0.021, max=0.010}; {min=-0.021, max=0.028}; 13; 6; 1
281; 0.000; 0.000004; 0.081033; 0.095365; 0.092141; 0.052415; 0.380597; {min=-0.021, max=0.010}; {min=-0.021, max=0.028}; 13; 6; 1
282; 0.000; 0.000004; 0.081033; 0.095365; 0.092141; 0.052415; 0.380597; {min=-0.021, max=0.010}; {min=-0.021, max=0.028}; 13; 6; 1
283; 0.000; 0.000004; 0.081033; 0.095365; 0.092141; 0.052415; 0.380597; {min=-0.021, max=0.010}; {min=-0.021, max=0.028}; 13; 6; 1
284; 0.000; 0.000003; 0.081033; 0.095365; 0.092141; 0.052415; 0.380597; {min=-0.021, max=0.010}; {min=-0.021, max=0.028}; 13; 6; 1
285; 0.000; 0.000003; 0.081033; 0.095365; 0.092141; 0.052415; 0.380597; {min=-0.021, max=0.010}; {min=-0.021, max=0.028}; 13; 6; 1
286; 0.000; 0.000003; 0.081033; 0.095365; 0.092141; 0.052415; 0.380597; {min=-0.021, max=0.010}; {min=-0.021, max=0.029}; 13; 6; 1
287; 0.000; 0.000003; 0.081033; 0.095365; 0.092141; 0.052415; 0.380597; {min=-0.021, max=0.010}; {min=-0.021, max=0.029}; 13; 6; 1
288; 0.000; 0.000002; 0.081033; 0.095365; 0.092141; 0.052415; 0.380597; {min=-0.021, max=0.010}; {min=-0.021, max=0.029}; 13; 6; 1
289; 0.000; 0.000002; 0.081033; 0.095365; 0.092141; 0.052415; 0.380597; {min=-0.021, max=0.010}; {min=-0.020, max=0.029}; 13; 6; 1
290; 0.000; 0.000002; 0.081033; 0.095365; 0.092141; 0.052415; 0.380597; {min=-0.021, max=0.010}; {min=-0.020, max=0.029}; 13; 6; 1
291; 0.000; 0.000002; 0.081033; 0.095365; 0.092141; 0.052415; 0.380597; {min=-0.021, max=0.010}; {min=-0.020, max=0.029}; 13; 6; 1
292; 0.000; 0.000002; 0.081033; 0.095365; 0.092141; 0.052415; 0.380597; {min=-0.021, max=0.010}; {min=-0.020, max=0.029}; 13; 6; 1
293; 0.000; 0.000002; 0.081033; 0.095365; 0.092141; 0.052415; 0.380597; {min=-0.021, max=0.010}; {min=-0.020, max=0.029}; 13; 6; 1
294; 0.000; 0.000002; 0.081033; 0.095365; 0.092141; 0.052415; 0.380597; {min=-0.021, max=0.010}; {min=-0.020, max=0.029}; 13; 6; 1
295; 0.000; 0.000002; 0.081033; 0.095365; 0.092141; 0.052415; 0.380597; {min=-0.021, max=0.010}; {min=-0.020, max=0.029}; 13; 6; 1
296; 0.000; 0.000002; 0.081033; 0.095365; 0.092141; 0.052415; 0.380597; {min=-0.021, max=0.010}; {min=-0.020, max=0.029}; 13; 6; 1
297; 0.000; 0.000003; 0.081033; 0.095365; 0.092141; 0.052415; 0.380597; {min=-0.021, max=0.010}; {min=-0.020, max=0.029}; 13; 6; 1
298; 0.000; 0.000003; 0.081033; 0.095365; 0.092141; 0.052415; 0.380597; {min=-0.021, max=0.010}; {min=-0.020, max=0.029}; 13; 6; 1
299; 0.000; 0.000004; 0.081033; 0.095365; 0.092141; 0.052415; 0.380597; {min=-0.021, max=0.010}; {min=-0.019, max=0.028}; 13; 6; 1
300; 0.000; 0.000006; 0.081033; 0.095365; 0.092141; 0.052415; 0.380597; {min=-0.021, max=0.010}; {min=-0.019, max=0.028}; 13; 6; 1
