epoch;epsilon;loss;randomF1;oracleF1;rougeF1;rougeRecall;rougePrecision;actual;pred;nselect;nskip;query
0; 1.000; 0.002625; 0.000000; 0.095365; 0.000000; 0.000000; 0.000000; {min=0.000, max=0.000}; {min=-0.110, max=-0.003}; 12; 7; 1
1; 0.967; 0.000758; 0.000000; 0.095365; 0.000000; 0.000000; 0.000000; {min=0.000, max=0.000}; {min=-0.061, max=0.013}; 12; 7; 1
2; 0.933; 0.005526; 0.000000; 0.095365; 0.025013; 0.012847; 0.471698; {min=0.000, max=0.429}; {min=-0.040, max=0.019}; 12; 7; 1
3; 0.900; 0.007775; 0.000000; 0.095365; 0.052376; 0.027749; 0.465517; {min=-0.091, max=0.650}; {min=-0.024, max=0.021}; 12; 7; 1
4; 0.867; 0.006228; 0.000000; 0.095365; 0.065903; 0.035457; 0.466216; {min=-0.043, max=0.650}; {min=-0.022, max=0.032}; 13; 6; 1
5; 0.833; 0.019073; 0.000000; 0.095365; 0.076128; 0.041624; 0.445055; {min=-0.112, max=0.650}; {min=-0.022, max=0.036}; 13; 6; 1
6; 0.800; 0.006262; 0.000000; 0.095365; 0.069800; 0.038541; 0.369458; {min=-0.112, max=0.650}; {min=-0.026, max=0.047}; 13; 6; 1
7; 0.767; 0.020408; 0.000000; 0.095365; 0.069800; 0.038541; 0.369458; {min=-0.112, max=0.650}; {min=-0.026, max=0.049}; 13; 6; 1
8; 0.733; 0.011595; 0.000000; 0.095365; 0.068097; 0.037513; 0.368687; {min=-0.112, max=0.650}; {min=-0.029, max=0.066}; 13; 6; 1
9; 0.700; 0.022988; 0.000000; 0.095365; 0.068097; 0.037513; 0.368687; {min=-0.112, max=0.650}; {min=-0.029, max=0.067}; 13; 6; 1
10; 0.667; 0.021577; 0.000000; 0.095365; 0.068097; 0.037513; 0.368687; {min=-0.112, max=0.650}; {min=-0.032, max=0.083}; 13; 6; 1
11; 0.633; 0.024366; 0.000000; 0.095365; 0.066324; 0.036485; 0.364103; {min=-0.112, max=0.650}; {min=-0.033, max=0.101}; 13; 6; 1
12; 0.600; 0.021486; 0.000000; 0.095365; 0.066324; 0.036485; 0.364103; {min=-0.112, max=0.650}; {min=-0.041, max=0.112}; 14; 5; 1
13; 0.567; 0.017302; 0.000000; 0.095365; 0.066324; 0.036485; 0.364103; {min=-0.112, max=0.650}; {min=-0.041, max=0.121}; 14; 5; 1
14; 0.533; 0.015773; 0.000000; 0.095365; 0.066324; 0.036485; 0.364103; {min=-0.112, max=0.650}; {min=-0.040, max=0.127}; 14; 5; 1
15; 0.500; 0.012480; 0.000000; 0.095365; 0.066324; 0.036485; 0.364103; {min=-0.112, max=0.650}; {min=-0.045, max=0.130}; 15; 4; 1
16; 0.467; 0.011810; 0.000000; 0.095365; 0.066324; 0.036485; 0.364103; {min=-0.112, max=0.650}; {min=-0.047, max=0.136}; 15; 4; 1
17; 0.433; 0.011646; 0.000000; 0.095365; 0.066324; 0.036485; 0.364103; {min=-0.112, max=0.650}; {min=-0.048, max=0.146}; 15; 4; 1
18; 0.400; 0.013196; 0.000000; 0.095365; 0.066324; 0.036485; 0.364103; {min=-0.112, max=0.650}; {min=-0.051, max=0.157}; 15; 4; 1
19; 0.367; 0.012763; 0.000000; 0.095365; 0.066324; 0.036485; 0.364103; {min=-0.112, max=0.650}; {min=-0.054, max=0.173}; 16; 3; 1
20; 0.333; 0.014342; 0.000000; 0.095365; 0.066324; 0.036485; 0.364103; {min=-0.112, max=0.650}; {min=-0.060, max=0.185}; 17; 2; 1
21; 0.300; 0.013707; 0.000000; 0.095365; 0.066324; 0.036485; 0.364103; {min=-0.112, max=0.650}; {min=-0.065, max=0.198}; 17; 2; 1
22; 0.267; 0.012940; 0.000000; 0.095365; 0.066324; 0.036485; 0.364103; {min=-0.112, max=0.650}; {min=-0.068, max=0.209}; 17; 2; 1
23; 0.233; 0.012443; 0.000000; 0.095365; 0.066324; 0.036485; 0.364103; {min=-0.112, max=0.650}; {min=-0.069, max=0.222}; 17; 2; 1
24; 0.200; 0.011845; 0.000000; 0.095365; 0.066324; 0.036485; 0.364103; {min=-0.112, max=0.650}; {min=-0.069, max=0.232}; 17; 2; 1
25; 0.167; 0.011509; 0.000000; 0.095365; 0.066324; 0.036485; 0.364103; {min=-0.112, max=0.650}; {min=-0.069, max=0.244}; 17; 2; 1
26; 0.133; 0.011025; 0.000000; 0.095365; 0.066324; 0.036485; 0.364103; {min=-0.112, max=0.650}; {min=-0.068, max=0.253}; 17; 2; 1
27; 0.100; 0.010596; 0.000000; 0.095365; 0.066324; 0.036485; 0.364103; {min=-0.112, max=0.650}; {min=-0.067, max=0.264}; 18; 1; 1
28; 0.067; 0.010102; 0.000000; 0.095365; 0.066324; 0.036485; 0.364103; {min=-0.112, max=0.650}; {min=-0.065, max=0.274}; 19; 0; 1
29; 0.050; 0.010999; 0.000000; 0.095365; 0.066324; 0.036485; 0.364103; {min=-0.112, max=0.650}; {min=-0.064, max=0.284}; 19; 0; 1
30; 0.050; 0.010376; 0.000000; 0.095365; 0.066324; 0.036485; 0.364103; {min=-0.112, max=0.650}; {min=-0.061, max=0.295}; 19; 0; 1
31; 0.050; 0.009778; 0.000000; 0.095365; 0.066324; 0.036485; 0.364103; {min=-0.112, max=0.650}; {min=-0.059, max=0.306}; 19; 0; 1
32; 0.050; 0.009198; 0.000000; 0.095365; 0.066324; 0.036485; 0.364103; {min=-0.112, max=0.650}; {min=-0.057, max=0.317}; 19; 0; 1
33; 0.050; 0.008670; 0.000000; 0.095365; 0.066324; 0.036485; 0.364103; {min=-0.112, max=0.650}; {min=-0.056, max=0.329}; 19; 0; 1
34; 0.050; 0.008153; 0.000000; 0.095365; 0.066324; 0.036485; 0.364103; {min=-0.112, max=0.650}; {min=-0.055, max=0.339}; 19; 0; 1
35; 0.050; 0.007670; 0.000000; 0.095365; 0.066324; 0.036485; 0.364103; {min=-0.112, max=0.650}; {min=-0.054, max=0.350}; 19; 0; 1
36; 0.050; 0.007195; 0.000000; 0.095365; 0.066324; 0.036485; 0.364103; {min=-0.112, max=0.650}; {min=-0.052, max=0.360}; 19; 0; 1
37; 0.050; 0.006732; 0.000000; 0.095365; 0.066324; 0.036485; 0.364103; {min=-0.112, max=0.650}; {min=-0.051, max=0.370}; 19; 0; 1
38; 0.050; 0.006282; 0.000000; 0.095365; 0.066324; 0.036485; 0.364103; {min=-0.112, max=0.650}; {min=-0.050, max=0.380}; 19; 0; 1
39; 0.050; 0.005875; 0.000000; 0.095365; 0.066324; 0.036485; 0.364103; {min=-0.112, max=0.650}; {min=-0.049, max=0.391}; 19; 0; 1
40; 0.050; 0.005476; 0.000000; 0.095365; 0.066324; 0.036485; 0.364103; {min=-0.112, max=0.650}; {min=-0.049, max=0.401}; 19; 0; 1
41; 0.050; 0.005086; 0.000000; 0.095365; 0.066324; 0.036485; 0.364103; {min=-0.112, max=0.650}; {min=-0.050, max=0.410}; 19; 0; 1
42; 0.050; 0.004730; 0.000000; 0.095365; 0.066324; 0.036485; 0.364103; {min=-0.112, max=0.650}; {min=-0.051, max=0.420}; 19; 0; 1
43; 0.050; 0.004384; 0.000000; 0.095365; 0.066324; 0.036485; 0.364103; {min=-0.112, max=0.650}; {min=-0.052, max=0.429}; 19; 0; 1
44; 0.050; 0.004057; 0.000000; 0.095365; 0.066324; 0.036485; 0.364103; {min=-0.112, max=0.650}; {min=-0.053, max=0.439}; 19; 0; 1
45; 0.050; 0.003733; 0.000000; 0.095365; 0.066324; 0.036485; 0.364103; {min=-0.112, max=0.650}; {min=-0.053, max=0.448}; 19; 0; 1
46; 0.050; 0.003447; 0.000000; 0.095365; 0.066324; 0.036485; 0.364103; {min=-0.112, max=0.650}; {min=-0.055, max=0.456}; 19; 0; 1
47; 0.050; 0.003170; 0.000000; 0.095365; 0.066324; 0.036485; 0.364103; {min=-0.112, max=0.650}; {min=-0.056, max=0.465}; 19; 0; 1
48; 0.050; 0.002904; 0.000000; 0.095365; 0.066324; 0.036485; 0.364103; {min=-0.112, max=0.650}; {min=-0.057, max=0.474}; 19; 0; 1
49; 0.050; 0.002652; 0.000000; 0.095365; 0.066324; 0.036485; 0.364103; {min=-0.112, max=0.650}; {min=-0.057, max=0.482}; 19; 0; 1
50; 0.050; 0.002428; 0.000000; 0.095365; 0.066324; 0.036485; 0.364103; {min=-0.112, max=0.650}; {min=-0.059, max=0.490}; 19; 0; 1
51; 0.050; 0.002208; 0.000000; 0.095365; 0.066324; 0.036485; 0.364103; {min=-0.112, max=0.650}; {min=-0.059, max=0.498}; 19; 0; 1
52; 0.050; 0.001998; 0.000000; 0.095365; 0.066324; 0.036485; 0.364103; {min=-0.112, max=0.650}; {min=-0.060, max=0.506}; 19; 0; 1
53; 0.050; 0.001801; 0.000000; 0.095365; 0.066324; 0.036485; 0.364103; {min=-0.112, max=0.650}; {min=-0.061, max=0.513}; 19; 0; 1
54; 0.050; 0.001622; 0.000000; 0.095365; 0.066324; 0.036485; 0.364103; {min=-0.112, max=0.650}; {min=-0.061, max=0.521}; 19; 0; 1
55; 0.050; 0.001455; 0.000000; 0.095365; 0.066324; 0.036485; 0.364103; {min=-0.112, max=0.650}; {min=-0.063, max=0.527}; 19; 0; 1
56; 0.050; 0.001298; 0.000000; 0.095365; 0.066324; 0.036485; 0.364103; {min=-0.112, max=0.650}; {min=-0.064, max=0.535}; 19; 0; 1
57; 0.050; 0.001157; 0.000000; 0.095365; 0.066324; 0.036485; 0.364103; {min=-0.112, max=0.650}; {min=-0.065, max=0.541}; 19; 0; 1
58; 0.050; 0.001027; 0.000000; 0.095365; 0.066324; 0.036485; 0.364103; {min=-0.112, max=0.650}; {min=-0.066, max=0.548}; 19; 0; 1
59; 0.050; 0.000909; 0.000000; 0.095365; 0.066324; 0.036485; 0.364103; {min=-0.112, max=0.650}; {min=-0.067, max=0.554}; 19; 0; 1
60; 0.050; 0.000799; 0.000000; 0.095365; 0.066324; 0.036485; 0.364103; {min=-0.112, max=0.650}; {min=-0.069, max=0.560}; 19; 0; 1
61; 0.050; 0.000701; 0.000000; 0.095365; 0.066324; 0.036485; 0.364103; {min=-0.112, max=0.650}; {min=-0.069, max=0.566}; 19; 0; 1
62; 0.050; 0.000612; 0.000000; 0.095365; 0.066324; 0.036485; 0.364103; {min=-0.112, max=0.650}; {min=-0.070, max=0.572}; 19; 0; 1
63; 0.050; 0.000532; 0.000000; 0.095365; 0.066324; 0.036485; 0.364103; {min=-0.112, max=0.650}; {min=-0.071, max=0.577}; 19; 0; 1
64; 0.050; 0.000462; 0.000000; 0.095365; 0.066324; 0.036485; 0.364103; {min=-0.112, max=0.650}; {min=-0.072, max=0.581}; 19; 0; 1
65; 0.050; 0.000400; 0.000000; 0.095365; 0.066324; 0.036485; 0.364103; {min=-0.112, max=0.650}; {min=-0.073, max=0.587}; 19; 0; 1
66; 0.050; 0.000345; 0.000000; 0.095365; 0.066324; 0.036485; 0.364103; {min=-0.112, max=0.650}; {min=-0.074, max=0.592}; 19; 0; 1
67; 0.050; 0.000297; 0.000000; 0.095365; 0.066324; 0.036485; 0.364103; {min=-0.112, max=0.650}; {min=-0.075, max=0.596}; 19; 0; 1
68; 0.050; 0.000254; 0.000000; 0.095365; 0.066324; 0.036485; 0.364103; {min=-0.112, max=0.650}; {min=-0.075, max=0.600}; 19; 0; 1
69; 0.050; 0.000217; 0.000000; 0.095365; 0.066324; 0.036485; 0.364103; {min=-0.112, max=0.650}; {min=-0.076, max=0.604}; 19; 0; 1
70; 0.050; 0.000185; 0.000000; 0.095365; 0.066324; 0.036485; 0.364103; {min=-0.112, max=0.650}; {min=-0.077, max=0.607}; 19; 0; 1
71; 0.050; 0.000156; 0.000000; 0.095365; 0.066324; 0.036485; 0.364103; {min=-0.112, max=0.650}; {min=-0.077, max=0.611}; 19; 0; 1
72; 0.050; 0.000133; 0.000000; 0.095365; 0.066324; 0.036485; 0.364103; {min=-0.112, max=0.650}; {min=-0.078, max=0.614}; 19; 0; 1
73; 0.050; 0.000112; 0.000000; 0.095365; 0.066324; 0.036485; 0.364103; {min=-0.112, max=0.650}; {min=-0.078, max=0.617}; 19; 0; 1
74; 0.050; 0.000094; 0.000000; 0.095365; 0.066324; 0.036485; 0.364103; {min=-0.112, max=0.650}; {min=-0.079, max=0.620}; 19; 0; 1
75; 0.050; 0.000079; 0.000000; 0.095365; 0.066324; 0.036485; 0.364103; {min=-0.112, max=0.650}; {min=-0.079, max=0.623}; 19; 0; 1
76; 0.050; 0.000066; 0.000000; 0.095365; 0.066324; 0.036485; 0.364103; {min=-0.112, max=0.650}; {min=-0.080, max=0.625}; 19; 0; 1
77; 0.050; 0.000055; 0.000000; 0.095365; 0.066324; 0.036485; 0.364103; {min=-0.112, max=0.650}; {min=-0.080, max=0.627}; 19; 0; 1
78; 0.050; 0.000046; 0.000000; 0.095365; 0.066324; 0.036485; 0.364103; {min=-0.112, max=0.650}; {min=-0.080, max=0.629}; 19; 0; 1
79; 0.050; 0.000038; 0.000000; 0.095365; 0.066324; 0.036485; 0.364103; {min=-0.112, max=0.650}; {min=-0.081, max=0.631}; 19; 0; 1
80; 0.050; 0.000031; 0.000000; 0.095365; 0.066324; 0.036485; 0.364103; {min=-0.112, max=0.650}; {min=-0.081, max=0.633}; 19; 0; 1
81; 0.050; 0.000026; 0.000000; 0.095365; 0.066324; 0.036485; 0.364103; {min=-0.112, max=0.650}; {min=-0.081, max=0.635}; 19; 0; 1
82; 0.050; 0.000021; 0.000000; 0.095365; 0.066324; 0.036485; 0.364103; {min=-0.112, max=0.650}; {min=-0.082, max=0.636}; 19; 0; 1
83; 0.050; 0.000017; 0.000000; 0.095365; 0.066324; 0.036485; 0.364103; {min=-0.112, max=0.650}; {min=-0.082, max=0.638}; 19; 0; 1
84; 0.050; 0.000014; 0.000000; 0.095365; 0.066324; 0.036485; 0.364103; {min=-0.112, max=0.650}; {min=-0.082, max=0.639}; 19; 0; 1
85; 0.050; 0.000012; 0.000000; 0.095365; 0.066324; 0.036485; 0.364103; {min=-0.112, max=0.650}; {min=-0.082, max=0.640}; 19; 0; 1
86; 0.050; 0.000009; 0.000000; 0.095365; 0.066324; 0.036485; 0.364103; {min=-0.112, max=0.650}; {min=-0.082, max=0.641}; 19; 0; 1
87; 0.050; 0.000008; 0.000000; 0.095365; 0.066324; 0.036485; 0.364103; {min=-0.112, max=0.650}; {min=-0.083, max=0.642}; 19; 0; 1
88; 0.050; 0.000006; 0.000000; 0.095365; 0.066324; 0.036485; 0.364103; {min=-0.112, max=0.650}; {min=-0.083, max=0.643}; 19; 0; 1
89; 0.050; 0.000005; 0.000000; 0.095365; 0.066324; 0.036485; 0.364103; {min=-0.112, max=0.650}; {min=-0.083, max=0.643}; 19; 0; 1
90; 0.050; 0.000004; 0.000000; 0.095365; 0.066324; 0.036485; 0.364103; {min=-0.112, max=0.650}; {min=-0.083, max=0.644}; 19; 0; 1
91; 0.050; 0.000003; 0.000000; 0.095365; 0.066324; 0.036485; 0.364103; {min=-0.112, max=0.650}; {min=-0.083, max=0.645}; 19; 0; 1
92; 0.050; 0.000003; 0.000000; 0.095365; 0.066324; 0.036485; 0.364103; {min=-0.112, max=0.650}; {min=-0.083, max=0.645}; 19; 0; 1
93; 0.050; 0.000002; 0.000000; 0.095365; 0.066324; 0.036485; 0.364103; {min=-0.112, max=0.650}; {min=-0.083, max=0.646}; 19; 0; 1
94; 0.050; 0.000002; 0.000000; 0.095365; 0.066324; 0.036485; 0.364103; {min=-0.112, max=0.650}; {min=-0.084, max=0.646}; 19; 0; 1
95; 0.050; 0.000001; 0.000000; 0.095365; 0.066324; 0.036485; 0.364103; {min=-0.112, max=0.650}; {min=-0.084, max=0.647}; 19; 0; 1
96; 0.050; 0.000001; 0.000000; 0.095365; 0.066324; 0.036485; 0.364103; {min=-0.112, max=0.650}; {min=-0.084, max=0.647}; 19; 0; 1
97; 0.050; 0.000001; 0.000000; 0.095365; 0.066324; 0.036485; 0.364103; {min=-0.112, max=0.650}; {min=-0.084, max=0.647}; 19; 0; 1
98; 0.050; 0.000001; 0.000000; 0.095365; 0.066324; 0.036485; 0.364103; {min=-0.112, max=0.650}; {min=-0.084, max=0.648}; 19; 0; 1
99; 0.050; 0.000001; 0.000000; 0.095365; 0.066324; 0.036485; 0.364103; {min=-0.112, max=0.650}; {min=-0.084, max=0.648}; 19; 0; 1
100; 0.050; 0.000000; 0.000000; 0.095365; 0.066324; 0.036485; 0.364103; {min=-0.112, max=0.650}; {min=-0.084, max=0.648}; 19; 0; 1
101; 0.050; 0.000000; 0.000000; 0.095365; 0.066324; 0.036485; 0.364103; {min=-0.112, max=0.650}; {min=-0.084, max=0.648}; 19; 0; 1
102; 0.050; 0.000000; 0.000000; 0.095365; 0.066324; 0.036485; 0.364103; {min=-0.112, max=0.650}; {min=-0.084, max=0.649}; 19; 0; 1
103; 0.017; 0.000000; 0.000000; 0.095365; 0.066324; 0.036485; 0.364103; {min=-0.112, max=0.650}; {min=-0.084, max=0.649}; 19; 0; 1
104; 0.000; 0.000000; 0.000000; 0.095365; 0.066324; 0.036485; 0.364103; {min=-0.112, max=0.650}; {min=-0.084, max=0.649}; 19; 0; 1
105; 0.000; 0.000000; 0.000000; 0.095365; 0.066324; 0.036485; 0.364103; {min=-0.112, max=0.650}; {min=-0.084, max=0.649}; 19; 0; 1
106; 0.000; 0.000000; 0.000000; 0.095365; 0.066324; 0.036485; 0.364103; {min=-0.112, max=0.650}; {min=-0.084, max=0.649}; 19; 0; 1
107; 0.000; 0.000000; 0.000000; 0.095365; 0.066324; 0.036485; 0.364103; {min=-0.112, max=0.650}; {min=-0.084, max=0.649}; 19; 0; 1
108; 0.000; 0.000000; 0.000000; 0.095365; 0.066324; 0.036485; 0.364103; {min=-0.112, max=0.650}; {min=-0.084, max=0.649}; 19; 0; 1
109; 0.000; 0.000000; 0.000000; 0.095365; 0.066324; 0.036485; 0.364103; {min=-0.112, max=0.650}; {min=-0.084, max=0.649}; 19; 0; 1
110; 0.000; 0.000000; 0.000000; 0.095365; 0.066324; 0.036485; 0.364103; {min=-0.112, max=0.650}; {min=-0.084, max=0.650}; 19; 0; 1
111; 0.000; 0.000000; 0.000000; 0.095365; 0.066324; 0.036485; 0.364103; {min=-0.112, max=0.650}; {min=-0.084, max=0.650}; 19; 0; 1
112; 0.000; 0.000000; 0.000000; 0.095365; 0.066324; 0.036485; 0.364103; {min=-0.112, max=0.650}; {min=-0.084, max=0.650}; 19; 0; 1
113; 0.000; 0.000000; 0.000000; 0.095365; 0.066324; 0.036485; 0.364103; {min=-0.112, max=0.650}; {min=-0.084, max=0.650}; 19; 0; 1
114; 0.000; 0.000000; 0.000000; 0.095365; 0.066324; 0.036485; 0.364103; {min=-0.112, max=0.650}; {min=-0.084, max=0.650}; 19; 0; 1
115; 0.000; 0.000000; 0.000000; 0.095365; 0.066324; 0.036485; 0.364103; {min=-0.112, max=0.650}; {min=-0.084, max=0.650}; 19; 0; 1
116; 0.000; 0.000000; 0.000000; 0.095365; 0.066324; 0.036485; 0.364103; {min=-0.112, max=0.650}; {min=-0.084, max=0.650}; 19; 0; 1
117; 0.000; 0.000000; 0.000000; 0.095365; 0.066324; 0.036485; 0.364103; {min=-0.112, max=0.650}; {min=-0.084, max=0.650}; 19; 0; 1
118; 0.000; 0.000000; 0.000000; 0.095365; 0.066324; 0.036485; 0.364103; {min=-0.112, max=0.650}; {min=-0.084, max=0.650}; 19; 0; 1
119; 0.000; 0.000000; 0.000000; 0.095365; 0.066324; 0.036485; 0.364103; {min=-0.112, max=0.650}; {min=-0.084, max=0.650}; 19; 0; 1
120; 0.000; 0.000000; 0.000000; 0.095365; 0.066324; 0.036485; 0.364103; {min=-0.112, max=0.650}; {min=-0.084, max=0.650}; 19; 0; 1
121; 0.000; 0.000000; 0.000000; 0.095365; 0.066324; 0.036485; 0.364103; {min=-0.112, max=0.650}; {min=-0.084, max=0.650}; 19; 0; 1
122; 0.000; 0.000000; 0.000000; 0.095365; 0.066324; 0.036485; 0.364103; {min=-0.112, max=0.650}; {min=-0.084, max=0.650}; 19; 0; 1
123; 0.000; 0.000000; 0.000000; 0.095365; 0.066324; 0.036485; 0.364103; {min=-0.112, max=0.650}; {min=-0.084, max=0.650}; 19; 0; 1
124; 0.000; 0.000000; 0.000000; 0.095365; 0.066324; 0.036485; 0.364103; {min=-0.112, max=0.650}; {min=-0.084, max=0.650}; 19; 0; 1
125; 0.000; 0.000000; 0.000000; 0.095365; 0.066324; 0.036485; 0.364103; {min=-0.112, max=0.650}; {min=-0.084, max=0.650}; 19; 0; 1
126; 0.000; 0.000000; 0.000000; 0.095365; 0.066324; 0.036485; 0.364103; {min=-0.112, max=0.650}; {min=-0.084, max=0.650}; 19; 0; 1
127; 0.000; 0.000000; 0.000000; 0.095365; 0.066324; 0.036485; 0.364103; {min=-0.112, max=0.650}; {min=-0.084, max=0.650}; 19; 0; 1
128; 0.000; 0.000000; 0.000000; 0.095365; 0.066324; 0.036485; 0.364103; {min=-0.112, max=0.650}; {min=-0.084, max=0.650}; 19; 0; 1
129; 0.000; 0.000000; 0.000000; 0.095365; 0.066324; 0.036485; 0.364103; {min=-0.112, max=0.650}; {min=-0.084, max=0.650}; 19; 0; 1
130; 0.000; 0.000000; 0.000000; 0.095365; 0.066324; 0.036485; 0.364103; {min=-0.112, max=0.650}; {min=-0.084, max=0.650}; 19; 0; 1
131; 0.000; 0.000000; 0.000000; 0.095365; 0.066324; 0.036485; 0.364103; {min=-0.112, max=0.650}; {min=-0.084, max=0.650}; 19; 0; 1
132; 0.000; 0.000000; 0.000000; 0.095365; 0.066324; 0.036485; 0.364103; {min=-0.112, max=0.650}; {min=-0.084, max=0.650}; 19; 0; 1
133; 0.000; 0.000000; 0.000000; 0.095365; 0.066324; 0.036485; 0.364103; {min=-0.112, max=0.650}; {min=-0.084, max=0.650}; 19; 0; 1
134; 0.000; 0.000000; 0.000000; 0.095365; 0.066324; 0.036485; 0.364103; {min=-0.112, max=0.650}; {min=-0.084, max=0.650}; 19; 0; 1
135; 0.000; 0.000000; 0.000000; 0.095365; 0.066324; 0.036485; 0.364103; {min=-0.112, max=0.650}; {min=-0.084, max=0.650}; 19; 0; 1
136; 0.000; 0.000000; 0.000000; 0.095365; 0.066324; 0.036485; 0.364103; {min=-0.112, max=0.650}; {min=-0.084, max=0.650}; 19; 0; 1
137; 0.000; 0.000000; 0.000000; 0.095365; 0.066324; 0.036485; 0.364103; {min=-0.112, max=0.650}; {min=-0.084, max=0.650}; 19; 0; 1
138; 0.000; 0.000000; 0.000000; 0.095365; 0.066324; 0.036485; 0.364103; {min=-0.112, max=0.650}; {min=-0.084, max=0.650}; 19; 0; 1
139; 0.000; 0.000000; 0.000000; 0.095365; 0.066324; 0.036485; 0.364103; {min=-0.112, max=0.650}; {min=-0.084, max=0.650}; 19; 0; 1
140; 0.000; 0.000000; 0.000000; 0.095365; 0.066324; 0.036485; 0.364103; {min=-0.112, max=0.650}; {min=-0.084, max=0.650}; 19; 0; 1
141; 0.000; 0.000000; 0.000000; 0.095365; 0.066324; 0.036485; 0.364103; {min=-0.112, max=0.650}; {min=-0.084, max=0.650}; 19; 0; 1
142; 0.000; 0.000000; 0.000000; 0.095365; 0.066324; 0.036485; 0.364103; {min=-0.112, max=0.650}; {min=-0.084, max=0.650}; 19; 0; 1
143; 0.000; 0.000000; 0.000000; 0.095365; 0.066324; 0.036485; 0.364103; {min=-0.112, max=0.650}; {min=-0.084, max=0.650}; 19; 0; 1
144; 0.000; 0.000000; 0.000000; 0.095365; 0.066324; 0.036485; 0.364103; {min=-0.112, max=0.650}; {min=-0.084, max=0.650}; 19; 0; 1
145; 0.000; 0.000000; 0.000000; 0.095365; 0.066324; 0.036485; 0.364103; {min=-0.112, max=0.650}; {min=-0.084, max=0.650}; 19; 0; 1
146; 0.000; 0.000000; 0.000000; 0.095365; 0.066324; 0.036485; 0.364103; {min=-0.112, max=0.650}; {min=-0.084, max=0.650}; 19; 0; 1
147; 0.000; 0.000000; 0.000000; 0.095365; 0.066324; 0.036485; 0.364103; {min=-0.112, max=0.650}; {min=-0.084, max=0.650}; 19; 0; 1
148; 0.000; 0.000000; 0.000000; 0.095365; 0.066324; 0.036485; 0.364103; {min=-0.112, max=0.650}; {min=-0.084, max=0.650}; 19; 0; 1
149; 0.000; 0.000001; 0.000000; 0.095365; 0.066324; 0.036485; 0.364103; {min=-0.112, max=0.650}; {min=-0.084, max=0.649}; 19; 0; 1
150; 0.000; 0.000002; 0.000000; 0.095365; 0.066324; 0.036485; 0.364103; {min=-0.112, max=0.650}; {min=-0.084, max=0.649}; 19; 0; 1
151; 0.000; 0.000007; 0.000000; 0.095365; 0.066324; 0.036485; 0.364103; {min=-0.112, max=0.650}; {min=-0.084, max=0.648}; 19; 0; 1
152; 0.000; 0.000020; 0.000000; 0.095365; 0.066324; 0.036485; 0.364103; {min=-0.112, max=0.650}; {min=-0.084, max=0.647}; 19; 0; 1
153; 0.000; 0.000035; 0.000000; 0.095365; 0.066324; 0.036485; 0.364103; {min=-0.112, max=0.650}; {min=-0.084, max=0.645}; 19; 0; 1
154; 0.000; 0.000029; 0.000000; 0.095365; 0.066324; 0.036485; 0.364103; {min=-0.112, max=0.650}; {min=-0.084, max=0.645}; 19; 0; 1
155; 0.000; 0.000014; 0.000000; 0.095365; 0.066324; 0.036485; 0.364103; {min=-0.112, max=0.650}; {min=-0.084, max=0.646}; 19; 0; 1
156; 0.000; 0.000005; 0.000000; 0.095365; 0.066324; 0.036485; 0.364103; {min=-0.112, max=0.650}; {min=-0.084, max=0.647}; 19; 0; 1
157; 0.000; 0.000002; 0.000000; 0.095365; 0.066324; 0.036485; 0.364103; {min=-0.112, max=0.650}; {min=-0.084, max=0.648}; 19; 0; 1
158; 0.000; 0.000001; 0.000000; 0.095365; 0.066324; 0.036485; 0.364103; {min=-0.112, max=0.650}; {min=-0.084, max=0.649}; 19; 0; 1
159; 0.000; 0.000000; 0.000000; 0.095365; 0.066324; 0.036485; 0.364103; {min=-0.112, max=0.650}; {min=-0.084, max=0.649}; 19; 0; 1
160; 0.000; 0.000000; 0.000000; 0.095365; 0.066324; 0.036485; 0.364103; {min=-0.112, max=0.650}; {min=-0.084, max=0.650}; 19; 0; 1
161; 0.000; 0.000000; 0.000000; 0.095365; 0.066324; 0.036485; 0.364103; {min=-0.112, max=0.650}; {min=-0.084, max=0.650}; 19; 0; 1
162; 0.000; 0.000000; 0.000000; 0.095365; 0.066324; 0.036485; 0.364103; {min=-0.112, max=0.650}; {min=-0.084, max=0.650}; 19; 0; 1
163; 0.000; 0.000000; 0.000000; 0.095365; 0.066324; 0.036485; 0.364103; {min=-0.112, max=0.650}; {min=-0.084, max=0.650}; 19; 0; 1
164; 0.000; 0.000000; 0.000000; 0.095365; 0.066324; 0.036485; 0.364103; {min=-0.112, max=0.650}; {min=-0.084, max=0.650}; 19; 0; 1
165; 0.000; 0.000000; 0.000000; 0.095365; 0.066324; 0.036485; 0.364103; {min=-0.112, max=0.650}; {min=-0.084, max=0.650}; 19; 0; 1
166; 0.000; 0.000000; 0.000000; 0.095365; 0.066324; 0.036485; 0.364103; {min=-0.112, max=0.650}; {min=-0.084, max=0.650}; 19; 0; 1
167; 0.000; 0.000000; 0.000000; 0.095365; 0.066324; 0.036485; 0.364103; {min=-0.112, max=0.650}; {min=-0.084, max=0.650}; 19; 0; 1
168; 0.000; 0.000000; 0.000000; 0.095365; 0.066324; 0.036485; 0.364103; {min=-0.112, max=0.650}; {min=-0.084, max=0.650}; 19; 0; 1
169; 0.000; 0.000000; 0.000000; 0.095365; 0.066324; 0.036485; 0.364103; {min=-0.112, max=0.650}; {min=-0.084, max=0.650}; 19; 0; 1
170; 0.000; 0.000000; 0.000000; 0.095365; 0.066324; 0.036485; 0.364103; {min=-0.112, max=0.650}; {min=-0.084, max=0.650}; 19; 0; 1
171; 0.000; 0.000000; 0.000000; 0.095365; 0.066324; 0.036485; 0.364103; {min=-0.112, max=0.650}; {min=-0.084, max=0.650}; 19; 0; 1
172; 0.000; 0.000000; 0.000000; 0.095365; 0.066324; 0.036485; 0.364103; {min=-0.112, max=0.650}; {min=-0.084, max=0.650}; 19; 0; 1
173; 0.000; 0.000000; 0.000000; 0.095365; 0.066324; 0.036485; 0.364103; {min=-0.112, max=0.650}; {min=-0.084, max=0.650}; 19; 0; 1
174; 0.000; 0.000000; 0.000000; 0.095365; 0.066324; 0.036485; 0.364103; {min=-0.112, max=0.650}; {min=-0.084, max=0.650}; 19; 0; 1
175; 0.000; 0.000000; 0.000000; 0.095365; 0.066324; 0.036485; 0.364103; {min=-0.112, max=0.650}; {min=-0.084, max=0.650}; 19; 0; 1
176; 0.000; 0.000001; 0.000000; 0.095365; 0.066324; 0.036485; 0.364103; {min=-0.112, max=0.650}; {min=-0.084, max=0.651}; 19; 0; 1
177; 0.000; 0.000001; 0.000000; 0.095365; 0.066324; 0.036485; 0.364103; {min=-0.112, max=0.650}; {min=-0.084, max=0.651}; 19; 0; 1
178; 0.000; 0.000003; 0.000000; 0.095365; 0.066324; 0.036485; 0.364103; {min=-0.112, max=0.650}; {min=-0.084, max=0.651}; 19; 0; 1
179; 0.000; 0.000006; 0.000000; 0.095365; 0.066324; 0.036485; 0.364103; {min=-0.112, max=0.650}; {min=-0.084, max=0.652}; 19; 0; 1
180; 0.000; 0.000013; 0.000000; 0.095365; 0.066324; 0.036485; 0.364103; {min=-0.112, max=0.650}; {min=-0.084, max=0.652}; 19; 0; 1
181; 0.000; 0.000026; 0.000000; 0.095365; 0.066324; 0.036485; 0.364103; {min=-0.112, max=0.650}; {min=-0.084, max=0.653}; 19; 0; 1
182; 0.000; 0.000036; 0.000000; 0.095365; 0.066324; 0.036485; 0.364103; {min=-0.112, max=0.650}; {min=-0.084, max=0.654}; 19; 0; 1
183; 0.000; 0.000031; 0.000000; 0.095365; 0.066324; 0.036485; 0.364103; {min=-0.112, max=0.650}; {min=-0.084, max=0.655}; 19; 0; 1
184; 0.000; 0.000018; 0.000000; 0.095365; 0.066324; 0.036485; 0.364103; {min=-0.112, max=0.650}; {min=-0.084, max=0.654}; 19; 0; 1
185; 0.000; 0.000009; 0.000000; 0.095365; 0.066324; 0.036485; 0.364103; {min=-0.112, max=0.650}; {min=-0.084, max=0.653}; 19; 0; 1
186; 0.000; 0.000004; 0.000000; 0.095365; 0.066324; 0.036485; 0.364103; {min=-0.112, max=0.650}; {min=-0.084, max=0.652}; 19; 0; 1
187; 0.000; 0.000002; 0.000000; 0.095365; 0.066324; 0.036485; 0.364103; {min=-0.112, max=0.650}; {min=-0.084, max=0.651}; 19; 0; 1
188; 0.000; 0.000001; 0.000000; 0.095365; 0.066324; 0.036485; 0.364103; {min=-0.112, max=0.650}; {min=-0.084, max=0.651}; 19; 0; 1
189; 0.000; 0.000000; 0.000000; 0.095365; 0.066324; 0.036485; 0.364103; {min=-0.112, max=0.650}; {min=-0.084, max=0.651}; 19; 0; 1
190; 0.000; 0.000000; 0.000000; 0.095365; 0.066324; 0.036485; 0.364103; {min=-0.112, max=0.650}; {min=-0.084, max=0.650}; 19; 0; 1
191; 0.000; 0.000000; 0.000000; 0.095365; 0.066324; 0.036485; 0.364103; {min=-0.112, max=0.650}; {min=-0.084, max=0.650}; 19; 0; 1
192; 0.000; 0.000000; 0.000000; 0.095365; 0.066324; 0.036485; 0.364103; {min=-0.112, max=0.650}; {min=-0.084, max=0.650}; 19; 0; 1
193; 0.000; 0.000000; 0.000000; 0.095365; 0.066324; 0.036485; 0.364103; {min=-0.112, max=0.650}; {min=-0.084, max=0.650}; 19; 0; 1
194; 0.000; 0.000000; 0.000000; 0.095365; 0.066324; 0.036485; 0.364103; {min=-0.112, max=0.650}; {min=-0.084, max=0.650}; 19; 0; 1
195; 0.000; 0.000000; 0.000000; 0.095365; 0.066324; 0.036485; 0.364103; {min=-0.112, max=0.650}; {min=-0.084, max=0.650}; 19; 0; 1
196; 0.000; 0.000000; 0.000000; 0.095365; 0.066324; 0.036485; 0.364103; {min=-0.112, max=0.650}; {min=-0.084, max=0.650}; 19; 0; 1
197; 0.000; 0.000000; 0.000000; 0.095365; 0.066324; 0.036485; 0.364103; {min=-0.112, max=0.650}; {min=-0.084, max=0.650}; 19; 0; 1
198; 0.000; 0.000000; 0.000000; 0.095365; 0.066324; 0.036485; 0.364103; {min=-0.112, max=0.650}; {min=-0.084, max=0.650}; 19; 0; 1
199; 0.000; 0.000000; 0.000000; 0.095365; 0.066324; 0.036485; 0.364103; {min=-0.112, max=0.650}; {min=-0.084, max=0.650}; 19; 0; 1
200; 0.000; 0.000000; 0.000000; 0.095365; 0.066324; 0.036485; 0.364103; {min=-0.112, max=0.650}; {min=-0.084, max=0.650}; 19; 0; 1
201; 0.000; 0.000000; 0.000000; 0.095365; 0.066324; 0.036485; 0.364103; {min=-0.112, max=0.650}; {min=-0.084, max=0.650}; 19; 0; 1
202; 0.000; 0.000000; 0.000000; 0.095365; 0.066324; 0.036485; 0.364103; {min=-0.112, max=0.650}; {min=-0.084, max=0.650}; 19; 0; 1
203; 0.000; 0.000000; 0.000000; 0.095365; 0.066324; 0.036485; 0.364103; {min=-0.112, max=0.650}; {min=-0.084, max=0.650}; 19; 0; 1
204; 0.000; 0.000000; 0.000000; 0.095365; 0.066324; 0.036485; 0.364103; {min=-0.112, max=0.650}; {min=-0.084, max=0.650}; 19; 0; 1
205; 0.000; 0.000000; 0.000000; 0.095365; 0.066324; 0.036485; 0.364103; {min=-0.112, max=0.650}; {min=-0.084, max=0.650}; 19; 0; 1
206; 0.000; 0.000000; 0.000000; 0.095365; 0.066324; 0.036485; 0.364103; {min=-0.112, max=0.650}; {min=-0.084, max=0.650}; 19; 0; 1
207; 0.000; 0.000001; 0.000000; 0.095365; 0.066324; 0.036485; 0.364103; {min=-0.112, max=0.650}; {min=-0.084, max=0.649}; 19; 0; 1
208; 0.000; 0.000003; 0.000000; 0.095365; 0.066324; 0.036485; 0.364103; {min=-0.112, max=0.650}; {min=-0.084, max=0.649}; 19; 0; 1
209; 0.000; 0.000007; 0.000000; 0.095365; 0.066324; 0.036485; 0.364103; {min=-0.112, max=0.650}; {min=-0.084, max=0.648}; 19; 0; 1
210; 0.000; 0.000019; 0.000000; 0.095365; 0.066324; 0.036485; 0.364103; {min=-0.112, max=0.650}; {min=-0.084, max=0.647}; 19; 0; 1
211; 0.000; 0.000042; 0.000000; 0.095365; 0.066324; 0.036485; 0.364103; {min=-0.112, max=0.650}; {min=-0.084, max=0.645}; 19; 0; 1
212; 0.000; 0.000056; 0.000000; 0.095365; 0.066324; 0.036485; 0.364103; {min=-0.112, max=0.650}; {min=-0.085, max=0.644}; 19; 0; 1
213; 0.000; 0.000040; 0.000000; 0.095365; 0.066324; 0.036485; 0.364103; {min=-0.112, max=0.650}; {min=-0.084, max=0.643}; 19; 0; 1
214; 0.000; 0.000019; 0.000000; 0.095365; 0.066324; 0.036485; 0.364103; {min=-0.112, max=0.650}; {min=-0.084, max=0.645}; 19; 0; 1
215; 0.000; 0.000007; 0.000000; 0.095365; 0.066324; 0.036485; 0.364103; {min=-0.112, max=0.650}; {min=-0.084, max=0.646}; 19; 0; 1
216; 0.000; 0.000003; 0.000000; 0.095365; 0.066324; 0.036485; 0.364103; {min=-0.112, max=0.650}; {min=-0.084, max=0.648}; 19; 0; 1
217; 0.000; 0.000001; 0.000000; 0.095365; 0.066324; 0.036485; 0.364103; {min=-0.112, max=0.650}; {min=-0.084, max=0.649}; 19; 0; 1
218; 0.000; 0.000000; 0.000000; 0.095365; 0.066324; 0.036485; 0.364103; {min=-0.112, max=0.650}; {min=-0.084, max=0.649}; 19; 0; 1
219; 0.000; 0.000000; 0.000000; 0.095365; 0.066324; 0.036485; 0.364103; {min=-0.112, max=0.650}; {min=-0.084, max=0.649}; 19; 0; 1
220; 0.000; 0.000000; 0.000000; 0.095365; 0.066324; 0.036485; 0.364103; {min=-0.112, max=0.650}; {min=-0.084, max=0.650}; 19; 0; 1
221; 0.000; 0.000000; 0.000000; 0.095365; 0.066324; 0.036485; 0.364103; {min=-0.112, max=0.650}; {min=-0.084, max=0.650}; 19; 0; 1
222; 0.000; 0.000000; 0.000000; 0.095365; 0.066324; 0.036485; 0.364103; {min=-0.112, max=0.650}; {min=-0.084, max=0.650}; 19; 0; 1
223; 0.000; 0.000000; 0.000000; 0.095365; 0.066324; 0.036485; 0.364103; {min=-0.112, max=0.650}; {min=-0.084, max=0.650}; 19; 0; 1
224; 0.000; 0.000000; 0.000000; 0.095365; 0.066324; 0.036485; 0.364103; {min=-0.112, max=0.650}; {min=-0.084, max=0.650}; 19; 0; 1
225; 0.000; 0.000000; 0.000000; 0.095365; 0.066324; 0.036485; 0.364103; {min=-0.112, max=0.650}; {min=-0.084, max=0.650}; 19; 0; 1
226; 0.000; 0.000000; 0.000000; 0.095365; 0.066324; 0.036485; 0.364103; {min=-0.112, max=0.650}; {min=-0.084, max=0.650}; 19; 0; 1
227; 0.000; 0.000000; 0.000000; 0.095365; 0.066324; 0.036485; 0.364103; {min=-0.112, max=0.650}; {min=-0.084, max=0.650}; 19; 0; 1
228; 0.000; 0.000000; 0.000000; 0.095365; 0.066324; 0.036485; 0.364103; {min=-0.112, max=0.650}; {min=-0.084, max=0.650}; 19; 0; 1
229; 0.000; 0.000000; 0.000000; 0.095365; 0.066324; 0.036485; 0.364103; {min=-0.112, max=0.650}; {min=-0.084, max=0.650}; 19; 0; 1
230; 0.000; 0.000000; 0.000000; 0.095365; 0.066324; 0.036485; 0.364103; {min=-0.112, max=0.650}; {min=-0.084, max=0.650}; 19; 0; 1
231; 0.000; 0.000000; 0.000000; 0.095365; 0.066324; 0.036485; 0.364103; {min=-0.112, max=0.650}; {min=-0.084, max=0.650}; 19; 0; 1
232; 0.000; 0.000000; 0.000000; 0.095365; 0.066324; 0.036485; 0.364103; {min=-0.112, max=0.650}; {min=-0.084, max=0.650}; 19; 0; 1
233; 0.000; 0.000000; 0.000000; 0.095365; 0.066324; 0.036485; 0.364103; {min=-0.112, max=0.650}; {min=-0.084, max=0.650}; 19; 0; 1
234; 0.000; 0.000000; 0.000000; 0.095365; 0.066324; 0.036485; 0.364103; {min=-0.112, max=0.650}; {min=-0.084, max=0.650}; 19; 0; 1
235; 0.000; 0.000000; 0.000000; 0.095365; 0.066324; 0.036485; 0.364103; {min=-0.112, max=0.650}; {min=-0.084, max=0.650}; 19; 0; 1
236; 0.000; 0.000000; 0.000000; 0.095365; 0.066324; 0.036485; 0.364103; {min=-0.112, max=0.650}; {min=-0.084, max=0.651}; 19; 0; 1
237; 0.000; 0.000001; 0.000000; 0.095365; 0.066324; 0.036485; 0.364103; {min=-0.112, max=0.650}; {min=-0.084, max=0.651}; 19; 0; 1
238; 0.000; 0.000003; 0.000000; 0.095365; 0.066324; 0.036485; 0.364103; {min=-0.112, max=0.650}; {min=-0.084, max=0.651}; 19; 0; 1
239; 0.000; 0.000008; 0.000000; 0.095365; 0.066324; 0.036485; 0.364103; {min=-0.112, max=0.650}; {min=-0.084, max=0.652}; 19; 0; 1
240; 0.000; 0.000020; 0.000000; 0.095365; 0.066324; 0.036485; 0.364103; {min=-0.112, max=0.650}; {min=-0.084, max=0.653}; 19; 0; 1
241; 0.000; 0.000041; 0.000000; 0.095365; 0.066324; 0.036485; 0.364103; {min=-0.112, max=0.650}; {min=-0.083, max=0.655}; 19; 0; 1
242; 0.000; 0.000058; 0.000000; 0.095365; 0.066324; 0.036485; 0.364103; {min=-0.112, max=0.650}; {min=-0.083, max=0.656}; 19; 0; 1
243; 0.000; 0.000045; 0.000000; 0.095365; 0.066324; 0.036485; 0.364103; {min=-0.112, max=0.650}; {min=-0.083, max=0.656}; 19; 0; 1
244; 0.000; 0.000023; 0.000000; 0.095365; 0.066324; 0.036485; 0.364103; {min=-0.112, max=0.650}; {min=-0.083, max=0.655}; 19; 0; 1
245; 0.000; 0.000010; 0.000000; 0.095365; 0.066324; 0.036485; 0.364103; {min=-0.112, max=0.650}; {min=-0.083, max=0.654}; 19; 0; 1
246; 0.000; 0.000004; 0.000000; 0.095365; 0.066324; 0.036485; 0.364103; {min=-0.112, max=0.650}; {min=-0.084, max=0.652}; 19; 0; 1
247; 0.000; 0.000001; 0.000000; 0.095365; 0.066324; 0.036485; 0.364103; {min=-0.112, max=0.650}; {min=-0.084, max=0.651}; 19; 0; 1
248; 0.000; 0.000001; 0.000000; 0.095365; 0.066324; 0.036485; 0.364103; {min=-0.112, max=0.650}; {min=-0.084, max=0.651}; 19; 0; 1
249; 0.000; 0.000000; 0.000000; 0.095365; 0.066324; 0.036485; 0.364103; {min=-0.112, max=0.650}; {min=-0.084, max=0.651}; 19; 0; 1
250; 0.000; 0.000000; 0.000000; 0.095365; 0.066324; 0.036485; 0.364103; {min=-0.112, max=0.650}; {min=-0.084, max=0.650}; 19; 0; 1
251; 0.000; 0.000000; 0.000000; 0.095365; 0.066324; 0.036485; 0.364103; {min=-0.112, max=0.650}; {min=-0.084, max=0.650}; 19; 0; 1
252; 0.000; 0.000000; 0.000000; 0.095365; 0.066324; 0.036485; 0.364103; {min=-0.112, max=0.650}; {min=-0.084, max=0.650}; 19; 0; 1
253; 0.000; 0.000000; 0.000000; 0.095365; 0.066324; 0.036485; 0.364103; {min=-0.112, max=0.650}; {min=-0.084, max=0.650}; 19; 0; 1
254; 0.000; 0.000000; 0.000000; 0.095365; 0.066324; 0.036485; 0.364103; {min=-0.112, max=0.650}; {min=-0.084, max=0.650}; 19; 0; 1
255; 0.000; 0.000000; 0.000000; 0.095365; 0.066324; 0.036485; 0.364103; {min=-0.112, max=0.650}; {min=-0.084, max=0.650}; 19; 0; 1
256; 0.000; 0.000000; 0.000000; 0.095365; 0.066324; 0.036485; 0.364103; {min=-0.112, max=0.650}; {min=-0.084, max=0.650}; 19; 0; 1
257; 0.000; 0.000000; 0.000000; 0.095365; 0.066324; 0.036485; 0.364103; {min=-0.112, max=0.650}; {min=-0.084, max=0.650}; 19; 0; 1
258; 0.000; 0.000000; 0.000000; 0.095365; 0.066324; 0.036485; 0.364103; {min=-0.112, max=0.650}; {min=-0.084, max=0.650}; 19; 0; 1
259; 0.000; 0.000000; 0.000000; 0.095365; 0.066324; 0.036485; 0.364103; {min=-0.112, max=0.650}; {min=-0.084, max=0.650}; 19; 0; 1
260; 0.000; 0.000000; 0.000000; 0.095365; 0.066324; 0.036485; 0.364103; {min=-0.112, max=0.650}; {min=-0.084, max=0.650}; 19; 0; 1
261; 0.000; 0.000000; 0.000000; 0.095365; 0.066324; 0.036485; 0.364103; {min=-0.112, max=0.650}; {min=-0.084, max=0.650}; 19; 0; 1
262; 0.000; 0.000000; 0.000000; 0.095365; 0.066324; 0.036485; 0.364103; {min=-0.112, max=0.650}; {min=-0.084, max=0.650}; 19; 0; 1
263; 0.000; 0.000000; 0.000000; 0.095365; 0.066324; 0.036485; 0.364103; {min=-0.112, max=0.650}; {min=-0.084, max=0.650}; 19; 0; 1
264; 0.000; 0.000000; 0.000000; 0.095365; 0.066324; 0.036485; 0.364103; {min=-0.112, max=0.650}; {min=-0.084, max=0.650}; 19; 0; 1
265; 0.000; 0.000000; 0.000000; 0.095365; 0.066324; 0.036485; 0.364103; {min=-0.112, max=0.650}; {min=-0.084, max=0.650}; 19; 0; 1
266; 0.000; 0.000000; 0.000000; 0.095365; 0.066324; 0.036485; 0.364103; {min=-0.112, max=0.650}; {min=-0.084, max=0.650}; 19; 0; 1
267; 0.000; 0.000000; 0.000000; 0.095365; 0.066324; 0.036485; 0.364103; {min=-0.112, max=0.650}; {min=-0.084, max=0.650}; 19; 0; 1
268; 0.000; 0.000000; 0.000000; 0.095365; 0.066324; 0.036485; 0.364103; {min=-0.112, max=0.650}; {min=-0.084, max=0.650}; 19; 0; 1
269; 0.000; 0.000000; 0.000000; 0.095365; 0.066324; 0.036485; 0.364103; {min=-0.112, max=0.650}; {min=-0.084, max=0.650}; 19; 0; 1
270; 0.000; 0.000000; 0.000000; 0.095365; 0.066324; 0.036485; 0.364103; {min=-0.112, max=0.650}; {min=-0.084, max=0.650}; 19; 0; 1
271; 0.000; 0.000000; 0.000000; 0.095365; 0.066324; 0.036485; 0.364103; {min=-0.112, max=0.650}; {min=-0.084, max=0.650}; 19; 0; 1
272; 0.000; 0.000001; 0.000000; 0.095365; 0.066324; 0.036485; 0.364103; {min=-0.112, max=0.650}; {min=-0.084, max=0.649}; 19; 0; 1
273; 0.000; 0.000005; 0.000000; 0.095365; 0.066324; 0.036485; 0.364103; {min=-0.112, max=0.650}; {min=-0.084, max=0.649}; 19; 0; 1
274; 0.000; 0.000017; 0.000000; 0.095365; 0.066324; 0.036485; 0.364103; {min=-0.112, max=0.650}; {min=-0.084, max=0.647}; 19; 0; 1
275; 0.000; 0.000051; 0.000000; 0.095365; 0.066324; 0.036485; 0.364103; {min=-0.112, max=0.650}; {min=-0.084, max=0.645}; 19; 0; 1
276; 0.000; 0.000089; 0.000000; 0.095365; 0.066324; 0.036485; 0.364103; {min=-0.112, max=0.650}; {min=-0.084, max=0.642}; 19; 0; 1
277; 0.000; 0.000064; 0.000000; 0.095365; 0.066324; 0.036485; 0.364103; {min=-0.112, max=0.650}; {min=-0.084, max=0.640}; 19; 0; 1
278; 0.000; 0.000024; 0.000000; 0.095365; 0.066324; 0.036485; 0.364103; {min=-0.112, max=0.650}; {min=-0.084, max=0.643}; 19; 0; 1
279; 0.000; 0.000007; 0.000000; 0.095365; 0.066324; 0.036485; 0.364103; {min=-0.112, max=0.650}; {min=-0.084, max=0.646}; 19; 0; 1
280; 0.000; 0.000002; 0.000000; 0.095365; 0.066324; 0.036485; 0.364103; {min=-0.112, max=0.650}; {min=-0.084, max=0.648}; 19; 0; 1
281; 0.000; 0.000000; 0.000000; 0.095365; 0.066324; 0.036485; 0.364103; {min=-0.112, max=0.650}; {min=-0.084, max=0.649}; 19; 0; 1
282; 0.000; 0.000000; 0.000000; 0.095365; 0.066324; 0.036485; 0.364103; {min=-0.112, max=0.650}; {min=-0.084, max=0.649}; 19; 0; 1
283; 0.000; 0.000000; 0.000000; 0.095365; 0.066324; 0.036485; 0.364103; {min=-0.112, max=0.650}; {min=-0.084, max=0.650}; 19; 0; 1
284; 0.000; 0.000000; 0.000000; 0.095365; 0.066324; 0.036485; 0.364103; {min=-0.112, max=0.650}; {min=-0.083, max=0.650}; 19; 0; 1
285; 0.000; 0.000000; 0.000000; 0.095365; 0.066324; 0.036485; 0.364103; {min=-0.112, max=0.650}; {min=-0.083, max=0.650}; 19; 0; 1
286; 0.000; 0.000000; 0.000000; 0.095365; 0.066324; 0.036485; 0.364103; {min=-0.112, max=0.650}; {min=-0.083, max=0.650}; 19; 0; 1
287; 0.000; 0.000000; 0.000000; 0.095365; 0.066324; 0.036485; 0.364103; {min=-0.112, max=0.650}; {min=-0.083, max=0.650}; 19; 0; 1
288; 0.000; 0.000000; 0.000000; 0.095365; 0.066324; 0.036485; 0.364103; {min=-0.112, max=0.650}; {min=-0.083, max=0.650}; 19; 0; 1
289; 0.000; 0.000000; 0.000000; 0.095365; 0.066324; 0.036485; 0.364103; {min=-0.112, max=0.650}; {min=-0.083, max=0.650}; 19; 0; 1
290; 0.000; 0.000000; 0.000000; 0.095365; 0.066324; 0.036485; 0.364103; {min=-0.112, max=0.650}; {min=-0.083, max=0.650}; 19; 0; 1
291; 0.000; 0.000000; 0.000000; 0.095365; 0.066324; 0.036485; 0.364103; {min=-0.112, max=0.650}; {min=-0.083, max=0.650}; 19; 0; 1
292; 0.000; 0.000000; 0.000000; 0.095365; 0.066324; 0.036485; 0.364103; {min=-0.112, max=0.650}; {min=-0.083, max=0.650}; 19; 0; 1
293; 0.000; 0.000000; 0.000000; 0.095365; 0.066324; 0.036485; 0.364103; {min=-0.112, max=0.650}; {min=-0.083, max=0.650}; 19; 0; 1
294; 0.000; 0.000000; 0.000000; 0.095365; 0.066324; 0.036485; 0.364103; {min=-0.112, max=0.650}; {min=-0.083, max=0.650}; 19; 0; 1
295; 0.000; 0.000000; 0.000000; 0.095365; 0.066324; 0.036485; 0.364103; {min=-0.112, max=0.650}; {min=-0.083, max=0.650}; 19; 0; 1
296; 0.000; 0.000000; 0.000000; 0.095365; 0.066324; 0.036485; 0.364103; {min=-0.112, max=0.650}; {min=-0.083, max=0.650}; 19; 0; 1
297; 0.000; 0.000000; 0.000000; 0.095365; 0.066324; 0.036485; 0.364103; {min=-0.112, max=0.650}; {min=-0.083, max=0.650}; 19; 0; 1
298; 0.000; 0.000000; 0.000000; 0.095365; 0.066324; 0.036485; 0.364103; {min=-0.112, max=0.650}; {min=-0.083, max=0.650}; 19; 0; 1
299; 0.000; 0.000000; 0.000000; 0.095365; 0.066324; 0.036485; 0.364103; {min=-0.112, max=0.650}; {min=-0.083, max=0.650}; 19; 0; 1
300; 0.000; 0.000000; 0.000000; 0.095365; 0.066324; 0.036485; 0.364103; {min=-0.112, max=0.650}; {min=-0.083, max=0.650}; 19; 0; 1
