epoch;epsilon;loss;randomF1;oracleF1;rougeF1;rougeRecall;rougePrecision;actual;pred;nselect;nskip;query
0; 1.000; 0.029258; 0.081033; 0.095365; 0.081033; 0.046763; 0.303333; {min=-0.005, max=0.008}; {min=-0.164, max=0.303}; 12; 7; 1
1; 0.967; 0.020228; 0.081033; 0.095365; 0.081033; 0.046763; 0.303333; {min=-0.005, max=0.008}; {min=-0.145, max=0.251}; 12; 7; 1
2; 0.933; 0.015045; 0.081033; 0.095365; 0.085485; 0.049332; 0.320000; {min=-0.002, max=0.008}; {min=-0.143, max=0.223}; 12; 7; 1
3; 0.900; 0.011446; 0.081033; 0.095365; 0.089047; 0.051387; 0.333333; {min=-0.002, max=0.008}; {min=-0.133, max=0.202}; 13; 6; 1
4; 0.867; 0.009126; 0.081033; 0.095365; 0.089047; 0.051387; 0.333333; {min=-0.002, max=0.008}; {min=-0.120, max=0.187}; 13; 6; 1
5; 0.833; 0.007982; 0.081033; 0.095365; 0.089047; 0.051387; 0.333333; {min=-0.002, max=0.008}; {min=-0.118, max=0.175}; 13; 6; 1
6; 0.800; 0.005690; 0.081033; 0.095365; 0.089047; 0.051387; 0.333333; {min=-0.002, max=0.008}; {min=-0.114, max=0.165}; 13; 6; 1
7; 0.767; 0.005453; 0.081033; 0.095365; 0.089047; 0.051387; 0.333333; {min=-0.002, max=0.008}; {min=-0.106, max=0.157}; 13; 6; 1
8; 0.733; 0.004561; 0.081033; 0.095365; 0.089047; 0.051387; 0.333333; {min=-0.002, max=0.008}; {min=-0.104, max=0.150}; 13; 6; 1
9; 0.700; 0.004009; 0.081033; 0.095365; 0.089047; 0.051387; 0.333333; {min=-0.002, max=0.008}; {min=-0.104, max=0.143}; 13; 6; 1
10; 0.667; 0.003102; 0.081033; 0.095365; 0.100623; 0.058068; 0.376667; {min=0.000, max=0.008}; {min=-0.098, max=0.139}; 13; 6; 1
11; 0.633; 0.002948; 0.081033; 0.095365; 0.100623; 0.058068; 0.376667; {min=0.000, max=0.008}; {min=-0.095, max=0.135}; 13; 6; 1
12; 0.600; 0.002900; 0.081033; 0.095365; 0.100623; 0.058068; 0.376667; {min=0.000, max=0.008}; {min=-0.093, max=0.131}; 14; 5; 1
13; 0.567; 0.002542; 0.081033; 0.095365; 0.100623; 0.058068; 0.376667; {min=0.000, max=0.008}; {min=-0.093, max=0.127}; 14; 5; 1
14; 0.533; 0.002173; 0.081033; 0.095365; 0.098610; 0.056526; 0.385965; {min=0.000, max=0.008}; {min=-0.088, max=0.120}; 14; 5; 1
15; 0.500; 0.002794; 0.081033; 0.095365; 0.089755; 0.050874; 0.380769; {min=0.000, max=0.008}; {min=-0.084, max=0.118}; 14; 5; 1
16; 0.467; 0.002385; 0.081033; 0.095365; 0.089755; 0.050874; 0.380769; {min=0.000, max=0.008}; {min=-0.085, max=0.116}; 14; 5; 1
17; 0.433; 0.002362; 0.081033; 0.095365; 0.089755; 0.050874; 0.380769; {min=0.000, max=0.008}; {min=-0.090, max=0.114}; 14; 5; 1
18; 0.400; 0.002318; 0.081033; 0.095365; 0.089755; 0.050874; 0.380769; {min=0.000, max=0.008}; {min=-0.086, max=0.111}; 14; 5; 1
19; 0.367; 0.002238; 0.081033; 0.095365; 0.089755; 0.050874; 0.380769; {min=0.000, max=0.008}; {min=-0.088, max=0.110}; 14; 5; 1
20; 0.333; 0.002323; 0.081033; 0.095365; 0.089755; 0.050874; 0.380769; {min=0.000, max=0.008}; {min=-0.089, max=0.108}; 14; 5; 1
21; 0.300; 0.001958; 0.081033; 0.095365; 0.089755; 0.050874; 0.380769; {min=0.000, max=0.008}; {min=-0.089, max=0.107}; 14; 5; 1
22; 0.267; 0.002017; 0.081033; 0.095365; 0.089755; 0.050874; 0.380769; {min=0.000, max=0.008}; {min=-0.091, max=0.106}; 13; 6; 1
23; 0.233; 0.002196; 0.081033; 0.095365; 0.089755; 0.050874; 0.380769; {min=0.000, max=0.008}; {min=-0.095, max=0.104}; 13; 6; 1
24; 0.200; 0.001791; 0.081033; 0.095365; 0.089755; 0.050874; 0.380769; {min=0.000, max=0.008}; {min=-0.091, max=0.103}; 13; 6; 1
25; 0.167; 0.001937; 0.081033; 0.095365; 0.089755; 0.050874; 0.380769; {min=0.000, max=0.008}; {min=-0.091, max=0.102}; 13; 6; 1
26; 0.133; 0.001939; 0.081033; 0.095365; 0.089755; 0.050874; 0.380769; {min=0.000, max=0.008}; {min=-0.090, max=0.101}; 12; 7; 1
27; 0.100; 0.002011; 0.081033; 0.095365; 0.080697; 0.045221; 0.374468; {min=0.000, max=0.008}; {min=-0.088, max=0.100}; 13; 6; 1
28; 0.067; 0.001788; 0.081033; 0.095365; 0.080697; 0.045221; 0.374468; {min=0.000, max=0.008}; {min=-0.087, max=0.100}; 13; 6; 1
29; 0.050; 0.002021; 0.081033; 0.095365; 0.080697; 0.045221; 0.374468; {min=0.000, max=0.008}; {min=-0.088, max=0.099}; 12; 7; 1
30; 0.050; 0.001705; 0.081033; 0.095365; 0.080697; 0.045221; 0.374468; {min=0.000, max=0.008}; {min=-0.089, max=0.098}; 12; 7; 1
31; 0.050; 0.001823; 0.081033; 0.095365; 0.080697; 0.045221; 0.374468; {min=0.000, max=0.008}; {min=-0.090, max=0.097}; 12; 7; 1
32; 0.050; 0.001489; 0.081033; 0.095365; 0.080697; 0.045221; 0.374468; {min=0.000, max=0.008}; {min=-0.090, max=0.096}; 12; 7; 1
33; 0.050; 0.001714; 0.081033; 0.095365; 0.080697; 0.045221; 0.374468; {min=0.000, max=0.008}; {min=-0.090, max=0.096}; 12; 7; 1
34; 0.050; 0.001955; 0.081033; 0.095365; 0.080697; 0.045221; 0.374468; {min=0.000, max=0.008}; {min=-0.090, max=0.095}; 12; 7; 1
35; 0.050; 0.001708; 0.081033; 0.095365; 0.080697; 0.045221; 0.374468; {min=0.000, max=0.008}; {min=-0.090, max=0.094}; 12; 7; 1
36; 0.050; 0.001845; 0.081033; 0.095365; 0.080697; 0.045221; 0.374468; {min=0.000, max=0.008}; {min=-0.090, max=0.094}; 12; 7; 1
37; 0.050; 0.001426; 0.081033; 0.095365; 0.080697; 0.045221; 0.374468; {min=0.000, max=0.008}; {min=-0.091, max=0.093}; 12; 7; 1
38; 0.050; 0.001847; 0.081033; 0.095365; 0.080697; 0.045221; 0.374468; {min=0.000, max=0.008}; {min=-0.092, max=0.092}; 12; 7; 1
39; 0.050; 0.001732; 0.081033; 0.095365; 0.080697; 0.045221; 0.374468; {min=0.000, max=0.008}; {min=-0.092, max=0.091}; 12; 7; 1
40; 0.050; 0.001476; 0.081033; 0.095365; 0.080697; 0.045221; 0.374468; {min=0.000, max=0.008}; {min=-0.091, max=0.091}; 12; 7; 1
41; 0.050; 0.001595; 0.081033; 0.095365; 0.080697; 0.045221; 0.374468; {min=0.000, max=0.008}; {min=-0.091, max=0.090}; 12; 7; 1
42; 0.050; 0.001328; 0.081033; 0.095365; 0.080697; 0.045221; 0.374468; {min=0.000, max=0.008}; {min=-0.090, max=0.090}; 12; 7; 1
43; 0.050; 0.001312; 0.081033; 0.095365; 0.080697; 0.045221; 0.374468; {min=0.000, max=0.008}; {min=-0.091, max=0.089}; 12; 7; 1
44; 0.050; 0.001505; 0.081033; 0.095365; 0.080697; 0.045221; 0.374468; {min=0.000, max=0.008}; {min=-0.091, max=0.089}; 12; 7; 1
45; 0.050; 0.001179; 0.081033; 0.095365; 0.080697; 0.045221; 0.374468; {min=0.000, max=0.008}; {min=-0.091, max=0.088}; 12; 7; 1
46; 0.050; 0.001332; 0.081033; 0.095365; 0.080697; 0.045221; 0.374468; {min=0.000, max=0.008}; {min=-0.092, max=0.087}; 12; 7; 1
47; 0.050; 0.001533; 0.081033; 0.095365; 0.080697; 0.045221; 0.374468; {min=0.000, max=0.008}; {min=-0.092, max=0.087}; 12; 7; 1
48; 0.050; 0.001376; 0.081033; 0.095365; 0.080697; 0.045221; 0.374468; {min=0.000, max=0.008}; {min=-0.093, max=0.086}; 12; 7; 1
49; 0.050; 0.001221; 0.081033; 0.095365; 0.080697; 0.045221; 0.374468; {min=0.000, max=0.008}; {min=-0.092, max=0.086}; 12; 7; 1
50; 0.050; 0.001289; 0.081033; 0.095365; 0.080697; 0.045221; 0.374468; {min=0.000, max=0.008}; {min=-0.092, max=0.085}; 12; 7; 1
51; 0.050; 0.001323; 0.081033; 0.095365; 0.080697; 0.045221; 0.374468; {min=0.000, max=0.008}; {min=-0.092, max=0.085}; 12; 7; 1
52; 0.050; 0.001319; 0.081033; 0.095365; 0.080697; 0.045221; 0.374468; {min=0.000, max=0.008}; {min=-0.092, max=0.085}; 12; 7; 1
53; 0.050; 0.001120; 0.081033; 0.095365; 0.080697; 0.045221; 0.374468; {min=0.000, max=0.008}; {min=-0.092, max=0.084}; 12; 7; 1
54; 0.050; 0.001104; 0.081033; 0.095365; 0.080697; 0.045221; 0.374468; {min=0.000, max=0.008}; {min=-0.092, max=0.084}; 12; 7; 1
55; 0.050; 0.001376; 0.081033; 0.095365; 0.080697; 0.045221; 0.374468; {min=0.000, max=0.008}; {min=-0.093, max=0.083}; 12; 7; 1
56; 0.050; 0.001184; 0.081033; 0.095365; 0.080697; 0.045221; 0.374468; {min=0.000, max=0.008}; {min=-0.092, max=0.083}; 12; 7; 1
57; 0.050; 0.001063; 0.081033; 0.095365; 0.080697; 0.045221; 0.374468; {min=0.000, max=0.008}; {min=-0.092, max=0.082}; 12; 7; 1
58; 0.050; 0.001066; 0.081033; 0.095365; 0.080697; 0.045221; 0.374468; {min=0.000, max=0.008}; {min=-0.092, max=0.082}; 12; 7; 1
59; 0.050; 0.001158; 0.081033; 0.095365; 0.080697; 0.045221; 0.374468; {min=0.000, max=0.008}; {min=-0.093, max=0.081}; 12; 7; 1
60; 0.050; 0.001141; 0.081033; 0.095365; 0.080697; 0.045221; 0.374468; {min=0.000, max=0.008}; {min=-0.093, max=0.080}; 12; 7; 1
61; 0.050; 0.000969; 0.081033; 0.095365; 0.080697; 0.045221; 0.374468; {min=0.000, max=0.008}; {min=-0.093, max=0.080}; 12; 7; 1
62; 0.050; 0.001136; 0.081033; 0.095365; 0.080697; 0.045221; 0.374468; {min=0.000, max=0.008}; {min=-0.093, max=0.079}; 12; 7; 1
63; 0.050; 0.001066; 0.081033; 0.095365; 0.080697; 0.045221; 0.374468; {min=0.000, max=0.008}; {min=-0.093, max=0.079}; 12; 7; 1
64; 0.050; 0.001074; 0.081033; 0.095365; 0.080697; 0.045221; 0.374468; {min=0.000, max=0.008}; {min=-0.093, max=0.079}; 12; 7; 1
65; 0.050; 0.000917; 0.081033; 0.095365; 0.080697; 0.045221; 0.374468; {min=0.000, max=0.008}; {min=-0.092, max=0.078}; 12; 7; 1
66; 0.050; 0.001134; 0.081033; 0.095365; 0.080697; 0.045221; 0.374468; {min=0.000, max=0.008}; {min=-0.092, max=0.078}; 12; 7; 1
67; 0.050; 0.000932; 0.081033; 0.095365; 0.080697; 0.045221; 0.374468; {min=0.000, max=0.008}; {min=-0.091, max=0.078}; 12; 7; 1
68; 0.050; 0.000862; 0.081033; 0.095365; 0.080697; 0.045221; 0.374468; {min=0.000, max=0.008}; {min=-0.091, max=0.078}; 12; 7; 1
69; 0.050; 0.001124; 0.081033; 0.095365; 0.080697; 0.045221; 0.374468; {min=0.000, max=0.008}; {min=-0.092, max=0.077}; 12; 7; 1
70; 0.050; 0.000907; 0.081033; 0.095365; 0.080697; 0.045221; 0.374468; {min=0.000, max=0.008}; {min=-0.091, max=0.077}; 12; 7; 1
71; 0.050; 0.000936; 0.081033; 0.095365; 0.080697; 0.045221; 0.374468; {min=0.000, max=0.008}; {min=-0.091, max=0.076}; 12; 7; 1
72; 0.050; 0.000949; 0.081033; 0.095365; 0.080697; 0.045221; 0.374468; {min=0.000, max=0.008}; {min=-0.091, max=0.076}; 12; 7; 1
73; 0.050; 0.001022; 0.081033; 0.095365; 0.080697; 0.045221; 0.374468; {min=0.000, max=0.008}; {min=-0.091, max=0.075}; 12; 7; 1
74; 0.050; 0.000839; 0.081033; 0.095365; 0.080697; 0.045221; 0.374468; {min=0.000, max=0.008}; {min=-0.091, max=0.075}; 12; 7; 1
75; 0.050; 0.000787; 0.081033; 0.095365; 0.080697; 0.045221; 0.374468; {min=0.000, max=0.008}; {min=-0.091, max=0.075}; 12; 7; 1
76; 0.050; 0.000838; 0.081033; 0.095365; 0.080697; 0.045221; 0.374468; {min=0.000, max=0.008}; {min=-0.091, max=0.074}; 12; 7; 1
77; 0.050; 0.001007; 0.081033; 0.095365; 0.080697; 0.045221; 0.374468; {min=0.000, max=0.008}; {min=-0.091, max=0.074}; 12; 7; 1
78; 0.050; 0.000718; 0.081033; 0.095365; 0.080697; 0.045221; 0.374468; {min=0.000, max=0.008}; {min=-0.090, max=0.073}; 12; 7; 1
79; 0.050; 0.000899; 0.081033; 0.095365; 0.080697; 0.045221; 0.374468; {min=0.000, max=0.008}; {min=-0.091, max=0.073}; 12; 7; 1
80; 0.050; 0.000666; 0.081033; 0.095365; 0.080697; 0.045221; 0.374468; {min=0.000, max=0.008}; {min=-0.090, max=0.073}; 12; 7; 1
81; 0.050; 0.000742; 0.081033; 0.095365; 0.080697; 0.045221; 0.374468; {min=0.000, max=0.008}; {min=-0.091, max=0.072}; 12; 7; 1
82; 0.050; 0.000638; 0.081033; 0.095365; 0.080697; 0.045221; 0.374468; {min=0.000, max=0.008}; {min=-0.091, max=0.071}; 12; 7; 1
83; 0.050; 0.000839; 0.081033; 0.095365; 0.080697; 0.045221; 0.374468; {min=0.000, max=0.008}; {min=-0.091, max=0.071}; 12; 7; 1
84; 0.050; 0.000582; 0.081033; 0.095365; 0.080697; 0.045221; 0.374468; {min=0.000, max=0.008}; {min=-0.090, max=0.071}; 12; 7; 1
85; 0.050; 0.000658; 0.081033; 0.095365; 0.080697; 0.045221; 0.374468; {min=0.000, max=0.008}; {min=-0.091, max=0.070}; 12; 7; 1
86; 0.050; 0.000670; 0.081033; 0.095365; 0.080697; 0.045221; 0.374468; {min=0.000, max=0.008}; {min=-0.091, max=0.070}; 12; 7; 1
87; 0.050; 0.000579; 0.081033; 0.095365; 0.080697; 0.045221; 0.374468; {min=0.000, max=0.008}; {min=-0.091, max=0.069}; 12; 7; 1
88; 0.050; 0.000645; 0.081033; 0.095365; 0.080697; 0.045221; 0.374468; {min=0.000, max=0.008}; {min=-0.090, max=0.069}; 12; 7; 1
89; 0.050; 0.000620; 0.081033; 0.095365; 0.080697; 0.045221; 0.374468; {min=0.000, max=0.008}; {min=-0.090, max=0.069}; 12; 7; 1
90; 0.050; 0.000769; 0.081033; 0.095365; 0.080697; 0.045221; 0.374468; {min=0.000, max=0.008}; {min=-0.091, max=0.068}; 12; 7; 1
91; 0.050; 0.000475; 0.081033; 0.095365; 0.080697; 0.045221; 0.374468; {min=0.000, max=0.008}; {min=-0.091, max=0.068}; 12; 7; 1
92; 0.050; 0.000533; 0.081033; 0.095365; 0.080697; 0.045221; 0.374468; {min=0.000, max=0.008}; {min=-0.091, max=0.067}; 12; 7; 1
93; 0.050; 0.000628; 0.081033; 0.095365; 0.080697; 0.045221; 0.374468; {min=0.000, max=0.008}; {min=-0.092, max=0.067}; 12; 7; 1
94; 0.050; 0.000513; 0.081033; 0.095365; 0.080697; 0.045221; 0.374468; {min=0.000, max=0.008}; {min=-0.091, max=0.067}; 12; 7; 1
95; 0.050; 0.000645; 0.081033; 0.095365; 0.080697; 0.045221; 0.374468; {min=0.000, max=0.008}; {min=-0.091, max=0.066}; 12; 7; 1
96; 0.050; 0.000712; 0.081033; 0.095365; 0.080697; 0.045221; 0.374468; {min=0.000, max=0.008}; {min=-0.091, max=0.066}; 12; 7; 1
97; 0.050; 0.000621; 0.081033; 0.095365; 0.080697; 0.045221; 0.374468; {min=0.000, max=0.008}; {min=-0.090, max=0.066}; 12; 7; 1
98; 0.050; 0.000635; 0.081033; 0.095365; 0.080697; 0.045221; 0.374468; {min=0.000, max=0.008}; {min=-0.090, max=0.066}; 12; 7; 1
99; 0.050; 0.000480; 0.081033; 0.095365; 0.080697; 0.045221; 0.374468; {min=0.000, max=0.008}; {min=-0.090, max=0.066}; 12; 7; 1
100; 0.050; 0.000428; 0.081033; 0.095365; 0.080697; 0.045221; 0.374468; {min=0.000, max=0.008}; {min=-0.090, max=0.065}; 12; 7; 1
101; 0.050; 0.000596; 0.081033; 0.095365; 0.080697; 0.045221; 0.374468; {min=0.000, max=0.008}; {min=-0.090, max=0.065}; 12; 7; 1
102; 0.050; 0.000530; 0.081033; 0.095365; 0.080697; 0.045221; 0.374468; {min=0.000, max=0.008}; {min=-0.089, max=0.065}; 12; 7; 1
103; 0.017; 0.000604; 0.081033; 0.095365; 0.080697; 0.045221; 0.374468; {min=0.000, max=0.008}; {min=-0.090, max=0.064}; 12; 7; 1
104; 0.000; 0.000593; 0.081033; 0.095365; 0.080697; 0.045221; 0.374468; {min=0.000, max=0.008}; {min=-0.090, max=0.064}; 12; 7; 1
105; 0.000; 0.000582; 0.081033; 0.095365; 0.080697; 0.045221; 0.374468; {min=0.000, max=0.008}; {min=-0.090, max=0.063}; 12; 7; 1
106; 0.000; 0.000483; 0.081033; 0.095365; 0.080697; 0.045221; 0.374468; {min=0.000, max=0.008}; {min=-0.089, max=0.063}; 12; 7; 1
107; 0.000; 0.000458; 0.081033; 0.095365; 0.080697; 0.045221; 0.374468; {min=0.000, max=0.008}; {min=-0.090, max=0.063}; 12; 7; 1
108; 0.000; 0.000547; 0.081033; 0.095365; 0.080697; 0.045221; 0.374468; {min=0.000, max=0.008}; {min=-0.090, max=0.062}; 12; 7; 1
109; 0.000; 0.000433; 0.081033; 0.095365; 0.080697; 0.045221; 0.374468; {min=0.000, max=0.008}; {min=-0.089, max=0.062}; 12; 7; 1
110; 0.000; 0.000423; 0.081033; 0.095365; 0.080697; 0.045221; 0.374468; {min=0.000, max=0.008}; {min=-0.089, max=0.062}; 12; 7; 1
111; 0.000; 0.000570; 0.081033; 0.095365; 0.080697; 0.045221; 0.374468; {min=0.000, max=0.008}; {min=-0.090, max=0.061}; 12; 7; 1
112; 0.000; 0.000431; 0.081033; 0.095365; 0.080697; 0.045221; 0.374468; {min=0.000, max=0.008}; {min=-0.089, max=0.061}; 12; 7; 1
113; 0.000; 0.000447; 0.081033; 0.095365; 0.080697; 0.045221; 0.374468; {min=0.000, max=0.008}; {min=-0.089, max=0.061}; 12; 7; 1
114; 0.000; 0.000333; 0.081033; 0.095365; 0.080697; 0.045221; 0.374468; {min=0.000, max=0.008}; {min=-0.089, max=0.060}; 12; 7; 1
115; 0.000; 0.000405; 0.081033; 0.095365; 0.080697; 0.045221; 0.374468; {min=0.000, max=0.008}; {min=-0.089, max=0.059}; 12; 7; 1
116; 0.000; 0.000343; 0.081033; 0.095365; 0.080697; 0.045221; 0.374468; {min=0.000, max=0.008}; {min=-0.089, max=0.059}; 12; 7; 1
117; 0.000; 0.000353; 0.081033; 0.095365; 0.080697; 0.045221; 0.374468; {min=0.000, max=0.008}; {min=-0.090, max=0.059}; 12; 7; 1
118; 0.000; 0.000454; 0.081033; 0.095365; 0.080697; 0.045221; 0.374468; {min=0.000, max=0.008}; {min=-0.090, max=0.058}; 12; 7; 1
119; 0.000; 0.000511; 0.081033; 0.095365; 0.080697; 0.045221; 0.374468; {min=0.000, max=0.008}; {min=-0.089, max=0.058}; 12; 7; 1
120; 0.000; 0.000343; 0.081033; 0.095365; 0.080697; 0.045221; 0.374468; {min=0.000, max=0.008}; {min=-0.089, max=0.058}; 12; 7; 1
121; 0.000; 0.000327; 0.081033; 0.095365; 0.080697; 0.045221; 0.374468; {min=0.000, max=0.008}; {min=-0.089, max=0.058}; 12; 7; 1
122; 0.000; 0.000327; 0.081033; 0.095365; 0.080697; 0.045221; 0.374468; {min=0.000, max=0.008}; {min=-0.089, max=0.057}; 12; 7; 1
123; 0.000; 0.000372; 0.081033; 0.095365; 0.080697; 0.045221; 0.374468; {min=0.000, max=0.008}; {min=-0.089, max=0.057}; 12; 7; 1
124; 0.000; 0.000342; 0.081033; 0.095365; 0.080697; 0.045221; 0.374468; {min=0.000, max=0.008}; {min=-0.089, max=0.056}; 12; 7; 1
125; 0.000; 0.000361; 0.081033; 0.095365; 0.080697; 0.045221; 0.374468; {min=0.000, max=0.008}; {min=-0.089, max=0.056}; 12; 7; 1
126; 0.000; 0.000544; 0.081033; 0.095365; 0.080697; 0.045221; 0.374468; {min=0.000, max=0.008}; {min=-0.089, max=0.056}; 12; 7; 1
127; 0.000; 0.000426; 0.081033; 0.095365; 0.080697; 0.045221; 0.374468; {min=0.000, max=0.008}; {min=-0.088, max=0.056}; 12; 7; 1
128; 0.000; 0.000307; 0.081033; 0.095365; 0.080697; 0.045221; 0.374468; {min=0.000, max=0.008}; {min=-0.087, max=0.056}; 12; 7; 1
129; 0.000; 0.000486; 0.081033; 0.095365; 0.080697; 0.045221; 0.374468; {min=0.000, max=0.008}; {min=-0.088, max=0.055}; 12; 7; 1
130; 0.000; 0.000477; 0.081033; 0.095365; 0.080697; 0.045221; 0.374468; {min=0.000, max=0.008}; {min=-0.087, max=0.055}; 12; 7; 1
131; 0.000; 0.000274; 0.081033; 0.095365; 0.080697; 0.045221; 0.374468; {min=0.000, max=0.008}; {min=-0.086, max=0.055}; 12; 7; 1
132; 0.000; 0.000321; 0.081033; 0.095365; 0.080697; 0.045221; 0.374468; {min=0.000, max=0.008}; {min=-0.086, max=0.055}; 12; 7; 1
133; 0.000; 0.000369; 0.081033; 0.095365; 0.080697; 0.045221; 0.374468; {min=0.000, max=0.008}; {min=-0.086, max=0.054}; 12; 7; 1
134; 0.000; 0.000279; 0.081033; 0.095365; 0.080697; 0.045221; 0.374468; {min=0.000, max=0.008}; {min=-0.086, max=0.054}; 12; 7; 1
135; 0.000; 0.000325; 0.081033; 0.095365; 0.080697; 0.045221; 0.374468; {min=0.000, max=0.008}; {min=-0.086, max=0.054}; 12; 7; 1
136; 0.000; 0.000316; 0.081033; 0.095365; 0.080697; 0.045221; 0.374468; {min=0.000, max=0.008}; {min=-0.086, max=0.053}; 12; 7; 1
137; 0.000; 0.000233; 0.081033; 0.095365; 0.080697; 0.045221; 0.374468; {min=0.000, max=0.008}; {min=-0.086, max=0.053}; 12; 7; 1
138; 0.000; 0.000228; 0.081033; 0.095365; 0.080697; 0.045221; 0.374468; {min=0.000, max=0.008}; {min=-0.086, max=0.053}; 12; 7; 1
139; 0.000; 0.000439; 0.081033; 0.095365; 0.080697; 0.045221; 0.374468; {min=0.000, max=0.008}; {min=-0.087, max=0.052}; 12; 7; 1
140; 0.000; 0.000250; 0.081033; 0.095365; 0.080697; 0.045221; 0.374468; {min=0.000, max=0.008}; {min=-0.086, max=0.052}; 12; 7; 1
141; 0.000; 0.000260; 0.081033; 0.095365; 0.080697; 0.045221; 0.374468; {min=0.000, max=0.008}; {min=-0.086, max=0.052}; 12; 7; 1
142; 0.000; 0.000261; 0.081033; 0.095365; 0.080697; 0.045221; 0.374468; {min=0.000, max=0.008}; {min=-0.086, max=0.051}; 12; 7; 1
143; 0.000; 0.000346; 0.081033; 0.095365; 0.080697; 0.045221; 0.374468; {min=0.000, max=0.008}; {min=-0.085, max=0.051}; 12; 7; 1
144; 0.000; 0.000159; 0.081033; 0.095365; 0.080697; 0.045221; 0.374468; {min=0.000, max=0.008}; {min=-0.085, max=0.051}; 12; 7; 1
145; 0.000; 0.000309; 0.081033; 0.095365; 0.080697; 0.045221; 0.374468; {min=0.000, max=0.008}; {min=-0.086, max=0.050}; 12; 7; 1
146; 0.000; 0.000298; 0.081033; 0.095365; 0.080697; 0.045221; 0.374468; {min=0.000, max=0.008}; {min=-0.085, max=0.050}; 12; 7; 1
147; 0.000; 0.000263; 0.081033; 0.095365; 0.080697; 0.045221; 0.374468; {min=0.000, max=0.008}; {min=-0.085, max=0.050}; 12; 7; 1
148; 0.000; 0.000294; 0.081033; 0.095365; 0.080697; 0.045221; 0.374468; {min=0.000, max=0.008}; {min=-0.086, max=0.049}; 12; 7; 1
149; 0.000; 0.000281; 0.081033; 0.095365; 0.080697; 0.045221; 0.374468; {min=0.000, max=0.008}; {min=-0.085, max=0.049}; 12; 7; 1
150; 0.000; 0.000232; 0.081033; 0.095365; 0.080697; 0.045221; 0.374468; {min=0.000, max=0.008}; {min=-0.085, max=0.049}; 12; 7; 1
151; 0.000; 0.000234; 0.081033; 0.095365; 0.080697; 0.045221; 0.374468; {min=0.000, max=0.008}; {min=-0.085, max=0.049}; 12; 7; 1
152; 0.000; 0.000286; 0.081033; 0.095365; 0.080697; 0.045221; 0.374468; {min=0.000, max=0.008}; {min=-0.084, max=0.049}; 12; 7; 1
153; 0.000; 0.000193; 0.081033; 0.095365; 0.080697; 0.045221; 0.374468; {min=0.000, max=0.008}; {min=-0.083, max=0.049}; 12; 7; 1
154; 0.000; 0.000184; 0.081033; 0.095365; 0.080697; 0.045221; 0.374468; {min=0.000, max=0.008}; {min=-0.084, max=0.048}; 12; 7; 1
155; 0.000; 0.000291; 0.081033; 0.095365; 0.080697; 0.045221; 0.374468; {min=0.000, max=0.008}; {min=-0.084, max=0.047}; 12; 7; 1
156; 0.000; 0.000147; 0.081033; 0.095365; 0.080697; 0.045221; 0.374468; {min=0.000, max=0.008}; {min=-0.083, max=0.047}; 12; 7; 1
157; 0.000; 0.000190; 0.081033; 0.095365; 0.080697; 0.045221; 0.374468; {min=0.000, max=0.008}; {min=-0.083, max=0.047}; 12; 7; 1
158; 0.000; 0.000170; 0.081033; 0.095365; 0.080697; 0.045221; 0.374468; {min=0.000, max=0.008}; {min=-0.084, max=0.047}; 12; 7; 1
159; 0.000; 0.000180; 0.081033; 0.095365; 0.080697; 0.045221; 0.374468; {min=0.000, max=0.008}; {min=-0.084, max=0.046}; 12; 7; 1
160; 0.000; 0.000196; 0.081033; 0.095365; 0.074723; 0.041624; 0.364865; {min=0.000, max=0.008}; {min=-0.082, max=0.048}; 11; 8; 1
161; 0.000; 0.000146; 0.081033; 0.095365; 0.074723; 0.041624; 0.364865; {min=0.000, max=0.008}; {min=-0.082, max=0.048}; 11; 8; 1
162; 0.000; 0.000327; 0.081033; 0.095365; 0.080697; 0.045221; 0.374468; {min=0.000, max=0.008}; {min=-0.084, max=0.045}; 12; 7; 1
163; 0.000; 0.000235; 0.081033; 0.095365; 0.080697; 0.045221; 0.374468; {min=0.000, max=0.008}; {min=-0.083, max=0.045}; 12; 7; 1
164; 0.000; 0.000171; 0.081033; 0.095365; 0.080697; 0.045221; 0.374468; {min=0.000, max=0.008}; {min=-0.083, max=0.045}; 12; 7; 1
165; 0.000; 0.000147; 0.081033; 0.095365; 0.080697; 0.045221; 0.374468; {min=0.000, max=0.008}; {min=-0.083, max=0.045}; 12; 7; 1
166; 0.000; 0.000165; 0.081033; 0.095365; 0.080697; 0.045221; 0.374468; {min=0.000, max=0.008}; {min=-0.083, max=0.044}; 12; 7; 1
167; 0.000; 0.000307; 0.081033; 0.095365; 0.074723; 0.041624; 0.364865; {min=0.000, max=0.008}; {min=-0.081, max=0.046}; 11; 8; 1
168; 0.000; 0.000214; 0.081033; 0.095365; 0.074723; 0.041624; 0.364865; {min=0.000, max=0.008}; {min=-0.080, max=0.046}; 11; 8; 1
169; 0.000; 0.000146; 0.081033; 0.095365; 0.074723; 0.041624; 0.364865; {min=0.000, max=0.008}; {min=-0.080, max=0.046}; 11; 8; 1
170; 0.000; 0.000138; 0.081033; 0.095365; 0.080697; 0.045221; 0.374468; {min=0.000, max=0.008}; {min=-0.082, max=0.043}; 12; 7; 1
171; 0.000; 0.000166; 0.081033; 0.095365; 0.074723; 0.041624; 0.364865; {min=0.000, max=0.008}; {min=-0.080, max=0.045}; 11; 8; 1
172; 0.000; 0.000135; 0.081033; 0.095365; 0.080697; 0.045221; 0.374468; {min=0.000, max=0.008}; {min=-0.082, max=0.042}; 12; 7; 1
173; 0.000; 0.000178; 0.081033; 0.095365; 0.074723; 0.041624; 0.364865; {min=0.000, max=0.008}; {min=-0.080, max=0.044}; 11; 8; 1
174; 0.000; 0.000137; 0.081033; 0.095365; 0.080697; 0.045221; 0.374468; {min=0.000, max=0.008}; {min=-0.082, max=0.042}; 12; 7; 1
175; 0.000; 0.000121; 0.081033; 0.095365; 0.074723; 0.041624; 0.364865; {min=0.000, max=0.008}; {min=-0.081, max=0.043}; 11; 8; 1
176; 0.000; 0.000189; 0.081033; 0.095365; 0.074723; 0.041624; 0.364865; {min=0.000, max=0.008}; {min=-0.080, max=0.043}; 11; 8; 1
177; 0.000; 0.000170; 0.081033; 0.095365; 0.080697; 0.045221; 0.374468; {min=0.000, max=0.008}; {min=-0.082, max=0.041}; 12; 7; 1
178; 0.000; 0.000144; 0.081033; 0.095365; 0.080697; 0.045221; 0.374468; {min=0.000, max=0.008}; {min=-0.081, max=0.041}; 12; 7; 1
179; 0.000; 0.000140; 0.081033; 0.095365; 0.074723; 0.041624; 0.364865; {min=0.000, max=0.008}; {min=-0.079, max=0.043}; 11; 8; 1
180; 0.000; 0.000112; 0.081033; 0.095365; 0.080697; 0.045221; 0.374468; {min=0.000, max=0.008}; {min=-0.081, max=0.040}; 12; 7; 1
181; 0.000; 0.000223; 0.081033; 0.095365; 0.080697; 0.045221; 0.374468; {min=0.000, max=0.008}; {min=-0.081, max=0.040}; 12; 7; 1
182; 0.000; 0.000132; 0.081033; 0.095365; 0.074723; 0.041624; 0.364865; {min=0.000, max=0.008}; {min=-0.078, max=0.042}; 11; 8; 1
183; 0.000; 0.000087; 0.081033; 0.095365; 0.074723; 0.041624; 0.364865; {min=0.000, max=0.008}; {min=-0.079, max=0.042}; 11; 8; 1
184; 0.000; 0.000207; 0.081033; 0.095365; 0.080697; 0.045221; 0.374468; {min=0.000, max=0.008}; {min=-0.082, max=0.039}; 12; 7; 1
185; 0.000; 0.000121; 0.081033; 0.095365; 0.074723; 0.041624; 0.364865; {min=0.000, max=0.008}; {min=-0.079, max=0.041}; 11; 8; 1
186; 0.000; 0.000090; 0.081033; 0.095365; 0.074723; 0.041624; 0.364865; {min=0.000, max=0.008}; {min=-0.079, max=0.041}; 11; 8; 1
187; 0.000; 0.000089; 0.081033; 0.095365; 0.074723; 0.041624; 0.364865; {min=0.000, max=0.008}; {min=-0.079, max=0.040}; 11; 8; 1
188; 0.000; 0.000095; 0.081033; 0.095365; 0.080697; 0.045221; 0.374468; {min=0.000, max=0.008}; {min=-0.081, max=0.038}; 12; 7; 1
189; 0.000; 0.000075; 0.081033; 0.095365; 0.074723; 0.041624; 0.364865; {min=0.000, max=0.008}; {min=-0.080, max=0.039}; 11; 8; 1
190; 0.000; 0.000082; 0.081033; 0.095365; 0.074723; 0.041624; 0.364865; {min=0.000, max=0.008}; {min=-0.080, max=0.039}; 11; 8; 1
191; 0.000; 0.000201; 0.081033; 0.095365; 0.074723; 0.041624; 0.364865; {min=0.000, max=0.008}; {min=-0.080, max=0.039}; 11; 8; 1
192; 0.000; 0.000146; 0.081033; 0.095365; 0.074723; 0.041624; 0.364865; {min=0.000, max=0.008}; {min=-0.079, max=0.039}; 11; 8; 1
193; 0.000; 0.000138; 0.081033; 0.095365; 0.074723; 0.041624; 0.364865; {min=0.000, max=0.008}; {min=-0.078, max=0.039}; 11; 8; 1
194; 0.000; 0.000238; 0.081033; 0.095365; 0.074723; 0.041624; 0.364865; {min=0.000, max=0.008}; {min=-0.078, max=0.039}; 11; 8; 1
195; 0.000; 0.000094; 0.081033; 0.095365; 0.074723; 0.041624; 0.364865; {min=0.000, max=0.008}; {min=-0.077, max=0.039}; 11; 8; 1
196; 0.000; 0.000136; 0.081033; 0.095365; 0.074723; 0.041624; 0.364865; {min=0.000, max=0.008}; {min=-0.078, max=0.038}; 11; 8; 1
197; 0.000; 0.000135; 0.081033; 0.095365; 0.074723; 0.041624; 0.364865; {min=0.000, max=0.008}; {min=-0.077, max=0.038}; 11; 8; 1
198; 0.000; 0.000200; 0.081033; 0.095365; 0.074723; 0.041624; 0.364865; {min=0.000, max=0.008}; {min=-0.077, max=0.038}; 11; 8; 1
199; 0.000; 0.000082; 0.081033; 0.095365; 0.080697; 0.045221; 0.374468; {min=0.000, max=0.008}; {min=-0.077, max=0.036}; 12; 7; 1
200; 0.000; 0.000084; 0.081033; 0.095365; 0.074723; 0.041624; 0.364865; {min=0.000, max=0.008}; {min=-0.076, max=0.038}; 11; 8; 1
201; 0.000; 0.000061; 0.081033; 0.095365; 0.080697; 0.045221; 0.374468; {min=0.000, max=0.008}; {min=-0.078, max=0.035}; 12; 7; 1
202; 0.000; 0.000174; 0.081033; 0.095365; 0.074723; 0.041624; 0.364865; {min=0.000, max=0.008}; {min=-0.076, max=0.037}; 11; 8; 1
203; 0.000; 0.000139; 0.081033; 0.095365; 0.074723; 0.041624; 0.364865; {min=0.000, max=0.008}; {min=-0.075, max=0.037}; 11; 8; 1
204; 0.000; 0.000062; 0.081033; 0.095365; 0.074723; 0.041624; 0.364865; {min=0.000, max=0.008}; {min=-0.075, max=0.036}; 11; 8; 1
205; 0.000; 0.000122; 0.081033; 0.095365; 0.074723; 0.041624; 0.364865; {min=0.000, max=0.008}; {min=-0.075, max=0.036}; 11; 8; 1
206; 0.000; 0.000102; 0.081033; 0.095365; 0.074723; 0.041624; 0.364865; {min=0.000, max=0.008}; {min=-0.075, max=0.036}; 11; 8; 1
207; 0.000; 0.000147; 0.081033; 0.095365; 0.074723; 0.041624; 0.364865; {min=0.000, max=0.008}; {min=-0.075, max=0.035}; 11; 8; 1
208; 0.000; 0.000068; 0.081033; 0.095365; 0.074723; 0.041624; 0.364865; {min=0.000, max=0.008}; {min=-0.075, max=0.035}; 11; 8; 1
209; 0.000; 0.000172; 0.081033; 0.095365; 0.074723; 0.041624; 0.364865; {min=0.000, max=0.008}; {min=-0.074, max=0.035}; 11; 8; 1
210; 0.000; 0.000129; 0.081033; 0.095365; 0.074723; 0.041624; 0.364865; {min=0.000, max=0.008}; {min=-0.074, max=0.035}; 11; 8; 1
211; 0.000; 0.000084; 0.081033; 0.095365; 0.074723; 0.041624; 0.364865; {min=0.000, max=0.008}; {min=-0.074, max=0.035}; 11; 8; 1
212; 0.000; 0.000115; 0.081033; 0.095365; 0.074723; 0.041624; 0.364865; {min=0.000, max=0.008}; {min=-0.073, max=0.034}; 11; 8; 1
213; 0.000; 0.000078; 0.081033; 0.095365; 0.074723; 0.041624; 0.364865; {min=0.000, max=0.008}; {min=-0.073, max=0.034}; 11; 8; 1
214; 0.000; 0.000079; 0.081033; 0.095365; 0.074723; 0.041624; 0.364865; {min=0.000, max=0.008}; {min=-0.074, max=0.033}; 11; 8; 1
215; 0.000; 0.000076; 0.081033; 0.095365; 0.074723; 0.041624; 0.364865; {min=0.000, max=0.008}; {min=-0.074, max=0.033}; 11; 8; 1
216; 0.000; 0.000078; 0.081033; 0.095365; 0.074723; 0.041624; 0.364865; {min=0.000, max=0.008}; {min=-0.074, max=0.032}; 11; 8; 1
217; 0.000; 0.000131; 0.081033; 0.095365; 0.074723; 0.041624; 0.364865; {min=0.000, max=0.008}; {min=-0.074, max=0.032}; 11; 8; 1
218; 0.000; 0.000071; 0.081033; 0.095365; 0.074723; 0.041624; 0.364865; {min=0.000, max=0.008}; {min=-0.073, max=0.033}; 11; 8; 1
219; 0.000; 0.000067; 0.081033; 0.095365; 0.074723; 0.041624; 0.364865; {min=0.000, max=0.008}; {min=-0.073, max=0.032}; 11; 8; 1
220; 0.000; 0.000057; 0.081033; 0.095365; 0.074723; 0.041624; 0.364865; {min=0.000, max=0.008}; {min=-0.073, max=0.032}; 11; 8; 1
221; 0.000; 0.000080; 0.081033; 0.095365; 0.074723; 0.041624; 0.364865; {min=0.000, max=0.008}; {min=-0.074, max=0.031}; 11; 8; 1
222; 0.000; 0.000045; 0.081033; 0.095365; 0.074723; 0.041624; 0.364865; {min=0.000, max=0.008}; {min=-0.074, max=0.031}; 11; 8; 1
223; 0.000; 0.000067; 0.081033; 0.095365; 0.074723; 0.041624; 0.364865; {min=0.000, max=0.008}; {min=-0.074, max=0.031}; 11; 8; 1
224; 0.000; 0.000051; 0.081033; 0.095365; 0.074723; 0.041624; 0.364865; {min=0.000, max=0.008}; {min=-0.073, max=0.031}; 11; 8; 1
225; 0.000; 0.000049; 0.081033; 0.095365; 0.074723; 0.041624; 0.364865; {min=0.000, max=0.008}; {min=-0.074, max=0.030}; 11; 8; 1
226; 0.000; 0.000047; 0.081033; 0.095365; 0.074723; 0.041624; 0.364865; {min=0.000, max=0.008}; {min=-0.074, max=0.030}; 11; 8; 1
227; 0.000; 0.000106; 0.081033; 0.095365; 0.074723; 0.041624; 0.364865; {min=0.000, max=0.008}; {min=-0.074, max=0.030}; 11; 8; 1
228; 0.000; 0.000063; 0.081033; 0.095365; 0.074723; 0.041624; 0.364865; {min=0.000, max=0.008}; {min=-0.073, max=0.030}; 11; 8; 1
229; 0.000; 0.000048; 0.081033; 0.095365; 0.074723; 0.041624; 0.364865; {min=0.000, max=0.008}; {min=-0.073, max=0.030}; 11; 8; 1
230; 0.000; 0.000102; 0.081033; 0.095365; 0.074723; 0.041624; 0.364865; {min=0.000, max=0.008}; {min=-0.073, max=0.029}; 11; 8; 1
231; 0.000; 0.000084; 0.081033; 0.095365; 0.074723; 0.041624; 0.364865; {min=0.000, max=0.008}; {min=-0.072, max=0.029}; 11; 8; 1
232; 0.000; 0.000061; 0.081033; 0.095365; 0.074723; 0.041624; 0.364865; {min=0.000, max=0.008}; {min=-0.072, max=0.029}; 11; 8; 1
233; 0.000; 0.000041; 0.081033; 0.095365; 0.074723; 0.041624; 0.364865; {min=0.000, max=0.008}; {min=-0.073, max=0.028}; 11; 8; 1
234; 0.000; 0.000043; 0.081033; 0.095365; 0.074723; 0.041624; 0.364865; {min=0.000, max=0.008}; {min=-0.073, max=0.028}; 11; 8; 1
235; 0.000; 0.000037; 0.081033; 0.095365; 0.074723; 0.041624; 0.364865; {min=0.000, max=0.008}; {min=-0.073, max=0.028}; 11; 8; 1
236; 0.000; 0.000042; 0.081033; 0.095365; 0.074723; 0.041624; 0.364865; {min=0.000, max=0.008}; {min=-0.073, max=0.027}; 11; 8; 1
237; 0.000; 0.000099; 0.081033; 0.095365; 0.074723; 0.041624; 0.364865; {min=0.000, max=0.008}; {min=-0.073, max=0.027}; 11; 8; 1
238; 0.000; 0.000089; 0.081033; 0.095365; 0.074723; 0.041624; 0.364865; {min=0.000, max=0.008}; {min=-0.072, max=0.027}; 11; 8; 1
239; 0.000; 0.000097; 0.081033; 0.095365; 0.074723; 0.041624; 0.364865; {min=0.000, max=0.008}; {min=-0.072, max=0.027}; 11; 8; 1
240; 0.000; 0.000091; 0.081033; 0.095365; 0.074723; 0.041624; 0.364865; {min=0.000, max=0.008}; {min=-0.071, max=0.027}; 11; 8; 1
241; 0.000; 0.000052; 0.081033; 0.095365; 0.066231; 0.036485; 0.358586; {min=0.000, max=0.008}; {min=-0.061, max=0.037}; 10; 9; 1
242; 0.000; 0.000049; 0.081033; 0.095365; 0.066231; 0.036485; 0.358586; {min=0.000, max=0.008}; {min=-0.062, max=0.037}; 10; 9; 1
243; 0.000; 0.000037; 0.081033; 0.095365; 0.066231; 0.036485; 0.358586; {min=0.000, max=0.008}; {min=-0.062, max=0.036}; 10; 9; 1
244; 0.000; 0.000120; 0.081033; 0.095365; 0.066231; 0.036485; 0.358586; {min=0.000, max=0.008}; {min=-0.064, max=0.036}; 10; 9; 1
245; 0.000; 0.000029; 0.081033; 0.095365; 0.074723; 0.041624; 0.364865; {min=0.000, max=0.008}; {min=-0.071, max=0.026}; 11; 8; 1
246; 0.000; 0.000065; 0.081033; 0.095365; 0.074723; 0.041624; 0.364865; {min=0.000, max=0.008}; {min=-0.071, max=0.025}; 11; 8; 1
247; 0.000; 0.000038; 0.081033; 0.095365; 0.074723; 0.041624; 0.364865; {min=0.000, max=0.008}; {min=-0.070, max=0.025}; 11; 8; 1
248; 0.000; 0.000032; 0.081033; 0.095365; 0.074723; 0.041624; 0.364865; {min=0.000, max=0.008}; {min=-0.071, max=0.025}; 11; 8; 1
249; 0.000; 0.000042; 0.081033; 0.095365; 0.074723; 0.041624; 0.364865; {min=0.000, max=0.008}; {min=-0.071, max=0.025}; 11; 8; 1
250; 0.000; 0.000035; 0.081033; 0.095365; 0.074723; 0.041624; 0.364865; {min=0.000, max=0.008}; {min=-0.071, max=0.024}; 11; 8; 1
251; 0.000; 0.000077; 0.081033; 0.095365; 0.074723; 0.041624; 0.364865; {min=0.000, max=0.008}; {min=-0.071, max=0.024}; 11; 8; 1
252; 0.000; 0.000036; 0.081033; 0.095365; 0.074723; 0.041624; 0.364865; {min=0.000, max=0.008}; {min=-0.070, max=0.024}; 11; 8; 1
253; 0.000; 0.000137; 0.081033; 0.095365; 0.074723; 0.041624; 0.364865; {min=0.000, max=0.008}; {min=-0.070, max=0.024}; 11; 8; 1
254; 0.000; 0.000057; 0.081033; 0.095365; 0.074723; 0.041624; 0.364865; {min=0.000, max=0.008}; {min=-0.069, max=0.025}; 11; 8; 1
255; 0.000; 0.000097; 0.081033; 0.095365; 0.074723; 0.041624; 0.364865; {min=0.000, max=0.008}; {min=-0.070, max=0.024}; 11; 8; 1
256; 0.000; 0.000018; 0.081033; 0.095365; 0.074723; 0.041624; 0.364865; {min=0.000, max=0.008}; {min=-0.068, max=0.024}; 11; 8; 1
257; 0.000; 0.000053; 0.081033; 0.095365; 0.074723; 0.041624; 0.364865; {min=0.000, max=0.008}; {min=-0.070, max=0.023}; 11; 8; 1
258; 0.000; 0.000091; 0.081033; 0.095365; 0.074723; 0.041624; 0.364865; {min=0.000, max=0.008}; {min=-0.070, max=0.023}; 11; 8; 1
259; 0.000; 0.000106; 0.081033; 0.095365; 0.074723; 0.041624; 0.364865; {min=0.000, max=0.008}; {min=-0.068, max=0.023}; 11; 8; 1
260; 0.000; 0.000076; 0.081033; 0.095365; 0.074723; 0.041624; 0.364865; {min=0.000, max=0.008}; {min=-0.067, max=0.024}; 11; 8; 1
261; 0.000; 0.000031; 0.081033; 0.095365; 0.074723; 0.041624; 0.364865; {min=0.000, max=0.008}; {min=-0.068, max=0.023}; 11; 8; 1
262; 0.000; 0.000046; 0.081033; 0.095365; 0.074723; 0.041624; 0.364865; {min=0.000, max=0.008}; {min=-0.068, max=0.022}; 11; 8; 1
263; 0.000; 0.000024; 0.081033; 0.095365; 0.074723; 0.041624; 0.364865; {min=0.000, max=0.008}; {min=-0.068, max=0.022}; 11; 8; 1
264; 0.000; 0.000026; 0.081033; 0.095365; 0.074723; 0.041624; 0.364865; {min=0.000, max=0.008}; {min=-0.070, max=0.022}; 11; 8; 1
265; 0.000; 0.000021; 0.081033; 0.095365; 0.074723; 0.041624; 0.364865; {min=0.000, max=0.008}; {min=-0.069, max=0.021}; 11; 8; 1
266; 0.000; 0.000024; 0.081033; 0.095365; 0.074723; 0.041624; 0.364865; {min=0.000, max=0.008}; {min=-0.069, max=0.021}; 11; 8; 1
267; 0.000; 0.000050; 0.081033; 0.095365; 0.074723; 0.041624; 0.364865; {min=0.000, max=0.008}; {min=-0.069, max=0.021}; 11; 8; 1
268; 0.000; 0.000028; 0.081033; 0.095365; 0.074723; 0.041624; 0.364865; {min=0.000, max=0.008}; {min=-0.069, max=0.021}; 11; 8; 1
269; 0.000; 0.000024; 0.081033; 0.095365; 0.074723; 0.041624; 0.364865; {min=0.000, max=0.008}; {min=-0.068, max=0.020}; 11; 8; 1
270; 0.000; 0.000032; 0.081033; 0.095365; 0.074723; 0.041624; 0.364865; {min=0.000, max=0.008}; {min=-0.069, max=0.020}; 11; 8; 1
271; 0.000; 0.000059; 0.081033; 0.095365; 0.074723; 0.041624; 0.364865; {min=0.000, max=0.008}; {min=-0.068, max=0.020}; 11; 8; 1
272; 0.000; 0.000083; 0.081033; 0.095365; 0.074723; 0.041624; 0.364865; {min=0.000, max=0.008}; {min=-0.069, max=0.020}; 11; 8; 1
273; 0.000; 0.000064; 0.081033; 0.095365; 0.074723; 0.041624; 0.364865; {min=0.000, max=0.008}; {min=-0.067, max=0.020}; 11; 8; 1
274; 0.000; 0.000037; 0.081033; 0.095365; 0.074723; 0.041624; 0.364865; {min=0.000, max=0.008}; {min=-0.068, max=0.020}; 11; 8; 1
275; 0.000; 0.000022; 0.081033; 0.095365; 0.066231; 0.036485; 0.358586; {min=0.000, max=0.008}; {min=-0.064, max=0.029}; 10; 9; 1
276; 0.000; 0.000025; 0.081033; 0.095365; 0.066231; 0.036485; 0.358586; {min=0.000, max=0.008}; {min=-0.064, max=0.029}; 10; 9; 1
277; 0.000; 0.000031; 0.081033; 0.095365; 0.066231; 0.036485; 0.358586; {min=0.000, max=0.008}; {min=-0.065, max=0.029}; 10; 9; 1
278; 0.000; 0.000023; 0.081033; 0.095365; 0.066231; 0.036485; 0.358586; {min=0.000, max=0.008}; {min=-0.065, max=0.029}; 10; 9; 1
279; 0.000; 0.000124; 0.081033; 0.095365; 0.074723; 0.041624; 0.364865; {min=0.000, max=0.008}; {min=-0.068, max=0.018}; 11; 8; 1
280; 0.000; 0.000024; 0.081033; 0.095365; 0.066231; 0.036485; 0.358586; {min=0.000, max=0.008}; {min=-0.064, max=0.029}; 10; 9; 1
281; 0.000; 0.000023; 0.081033; 0.095365; 0.066231; 0.036485; 0.358586; {min=0.000, max=0.008}; {min=-0.065, max=0.028}; 10; 9; 1
282; 0.000; 0.000024; 0.081033; 0.095365; 0.066231; 0.036485; 0.358586; {min=0.000, max=0.008}; {min=-0.064, max=0.028}; 10; 9; 1
283; 0.000; 0.000015; 0.081033; 0.095365; 0.066231; 0.036485; 0.358586; {min=0.000, max=0.008}; {min=-0.066, max=0.028}; 10; 9; 1
284; 0.000; 0.000061; 0.081033; 0.095365; 0.066231; 0.036485; 0.358586; {min=0.000, max=0.008}; {min=-0.066, max=0.027}; 10; 9; 1
285; 0.000; 0.000024; 0.081033; 0.095365; 0.074723; 0.041624; 0.364865; {min=0.000, max=0.008}; {min=-0.068, max=0.018}; 11; 8; 1
286; 0.000; 0.000017; 0.081033; 0.095365; 0.074723; 0.041624; 0.364865; {min=0.000, max=0.008}; {min=-0.069, max=0.017}; 11; 8; 1
287; 0.000; 0.000039; 0.081033; 0.095365; 0.074723; 0.041624; 0.364865; {min=0.000, max=0.008}; {min=-0.070, max=0.017}; 11; 8; 1
288; 0.000; 0.000018; 0.081033; 0.095365; 0.074723; 0.041624; 0.364865; {min=0.000, max=0.008}; {min=-0.068, max=0.017}; 11; 8; 1
289; 0.000; 0.000013; 0.081033; 0.095365; 0.066231; 0.036485; 0.358586; {min=0.000, max=0.008}; {min=-0.065, max=0.027}; 10; 9; 1
290; 0.000; 0.000061; 0.081033; 0.095365; 0.066231; 0.036485; 0.358586; {min=0.000, max=0.008}; {min=-0.066, max=0.026}; 10; 9; 1
291; 0.000; 0.000074; 0.081033; 0.095365; 0.074723; 0.041624; 0.364865; {min=0.000, max=0.008}; {min=-0.069, max=0.016}; 11; 8; 1
292; 0.000; 0.000021; 0.081033; 0.095365; 0.074723; 0.041624; 0.364865; {min=0.000, max=0.008}; {min=-0.068, max=0.017}; 11; 8; 1
293; 0.000; 0.000019; 0.081033; 0.095365; 0.066231; 0.036485; 0.358586; {min=0.000, max=0.008}; {min=-0.064, max=0.026}; 10; 9; 1
294; 0.000; 0.000066; 0.081033; 0.095365; 0.066231; 0.036485; 0.358586; {min=0.000, max=0.008}; {min=-0.064, max=0.026}; 10; 9; 1
295; 0.000; 0.000044; 0.081033; 0.095365; 0.066231; 0.036485; 0.358586; {min=0.000, max=0.008}; {min=-0.063, max=0.026}; 10; 9; 1
296; 0.000; 0.000022; 0.081033; 0.095365; 0.066231; 0.036485; 0.358586; {min=0.000, max=0.008}; {min=-0.060, max=0.025}; 10; 9; 1
297; 0.000; 0.000033; 0.081033; 0.095365; 0.066231; 0.036485; 0.358586; {min=0.000, max=0.008}; {min=-0.064, max=0.025}; 10; 9; 1
298; 0.000; 0.000073; 0.081033; 0.095365; 0.066231; 0.036485; 0.358586; {min=0.000, max=0.008}; {min=-0.064, max=0.025}; 10; 9; 1
299; 0.000; 0.000033; 0.081033; 0.095365; 0.074723; 0.041624; 0.364865; {min=0.000, max=0.008}; {min=-0.068, max=0.016}; 11; 8; 1
300; 0.000; 0.000030; 0.081033; 0.095365; 0.066231; 0.036485; 0.358586; {min=0.000, max=0.008}; {min=-0.065, max=0.025}; 10; 9; 1
