epoch;epsilon;loss;randomF1;oracleF1;rougeF1;rougeRecall;rougePrecision;actual;pred;nselect;nskip;query
0; 1.000; 0.003058; 0.081033; 0.095365; 0.081033; 0.046763; 0.303333; {min=-0.005, max=0.008}; {min=-0.125, max=-0.033}; 12; 7; 1
1; 0.967; 0.001143; 0.081033; 0.095365; 0.081033; 0.046763; 0.303333; {min=-0.005, max=0.008}; {min=-0.095, max=0.007}; 12; 7; 1
2; 0.933; 0.000564; 0.081033; 0.095365; 0.081033; 0.046763; 0.303333; {min=-0.002, max=0.008}; {min=-0.081, max=0.012}; 12; 7; 1
3; 0.900; 0.000488; 0.081033; 0.095365; 0.081033; 0.046763; 0.303333; {min=-0.002, max=0.008}; {min=-0.073, max=0.013}; 13; 6; 1
4; 0.867; 0.000537; 0.081033; 0.095365; 0.090828; 0.052415; 0.340000; {min=-0.002, max=0.008}; {min=-0.062, max=0.012}; 12; 7; 1
5; 0.833; 0.000304; 0.081033; 0.095365; 0.090828; 0.052415; 0.340000; {min=-0.002, max=0.008}; {min=-0.044, max=0.015}; 12; 7; 1
6; 0.800; 0.000198; 0.081033; 0.095365; 0.090828; 0.052415; 0.340000; {min=-0.002, max=0.008}; {min=-0.033, max=0.020}; 12; 7; 1
7; 0.767; 0.000140; 0.081033; 0.095365; 0.090828; 0.052415; 0.340000; {min=-0.002, max=0.008}; {min=-0.027, max=0.022}; 12; 7; 1
8; 0.733; 0.000103; 0.081033; 0.095365; 0.094474; 0.054471; 0.355705; {min=0.000, max=0.008}; {min=-0.025, max=0.023}; 12; 7; 1
9; 0.700; 0.000078; 0.081033; 0.095365; 0.094474; 0.054471; 0.355705; {min=0.000, max=0.008}; {min=-0.023, max=0.023}; 12; 7; 1
10; 0.667; 0.000060; 0.081033; 0.095365; 0.094474; 0.054471; 0.355705; {min=0.000, max=0.008}; {min=-0.023, max=0.023}; 12; 7; 1
11; 0.633; 0.000048; 0.081033; 0.095365; 0.094474; 0.054471; 0.355705; {min=0.000, max=0.008}; {min=-0.022, max=0.023}; 12; 7; 1
12; 0.600; 0.000063; 0.081033; 0.095365; 0.094474; 0.054471; 0.355705; {min=0.000, max=0.008}; {min=-0.021, max=0.023}; 13; 6; 1
13; 0.567; 0.000059; 0.081033; 0.095365; 0.094770; 0.054471; 0.364261; {min=0.000, max=0.008}; {min=-0.021, max=0.023}; 13; 6; 1
14; 0.533; 0.000046; 0.081033; 0.095365; 0.094770; 0.054471; 0.364261; {min=0.000, max=0.008}; {min=-0.021, max=0.022}; 13; 6; 1
15; 0.500; 0.000038; 0.081033; 0.095365; 0.094770; 0.054471; 0.364261; {min=0.000, max=0.008}; {min=-0.022, max=0.022}; 14; 5; 1
16; 0.467; 0.000028; 0.081033; 0.095365; 0.094770; 0.054471; 0.364261; {min=0.000, max=0.008}; {min=-0.022, max=0.019}; 14; 5; 1
17; 0.433; 0.000029; 0.081033; 0.095365; 0.092266; 0.052415; 0.384906; {min=0.000, max=0.008}; {min=-0.023, max=0.018}; 13; 6; 1
18; 0.400; 0.000052; 0.081033; 0.095365; 0.082814; 0.047790; 0.310000; {min=-0.002, max=0.008}; {min=-0.025, max=0.028}; 14; 5; 1
19; 0.367; 0.000019; 0.081033; 0.095365; 0.094680; 0.053957; 0.386029; {min=0.000, max=0.008}; {min=-0.024, max=0.022}; 11; 8; 1
20; 0.333; 0.000040; 0.081033; 0.095365; 0.080142; 0.046249; 0.300000; {min=-0.002, max=0.008}; {min=-0.026, max=0.024}; 15; 4; 1
21; 0.300; 0.000131; 0.081033; 0.095365; 0.097191; 0.056012; 0.367003; {min=0.000, max=0.008}; {min=-0.026, max=0.036}; 14; 5; 1
22; 0.267; 0.000147; 0.081033; 0.095365; 0.097061; 0.056012; 0.363333; {min=0.000, max=0.008}; {min=-0.025, max=0.029}; 13; 6; 1
23; 0.233; 0.000101; 0.081033; 0.095365; 0.081444; 0.045221; 0.409302; {min=0.000, max=0.008}; {min=-0.023, max=0.024}; 10; 9; 1
24; 0.200; 0.000058; 0.081033; 0.095365; 0.086799; 0.049332; 0.360902; {min=0.000, max=0.008}; {min=-0.022, max=0.020}; 11; 8; 1
25; 0.167; 0.000041; 0.081033; 0.095365; 0.086799; 0.049332; 0.360902; {min=0.000, max=0.008}; {min=-0.021, max=0.018}; 11; 8; 1
26; 0.133; 0.000072; 0.081033; 0.095365; 0.089270; 0.050874; 0.363971; {min=0.000, max=0.008}; {min=-0.021, max=0.021}; 11; 8; 1
27; 0.100; 0.000033; 0.081033; 0.095365; 0.097061; 0.056012; 0.363333; {min=0.000, max=0.008}; {min=-0.025, max=0.019}; 14; 5; 1
28; 0.067; 0.000025; 0.081033; 0.095365; 0.097061; 0.056012; 0.363333; {min=0.000, max=0.008}; {min=-0.025, max=0.016}; 15; 4; 1
29; 0.050; 0.000021; 0.081033; 0.095365; 0.097061; 0.056012; 0.363333; {min=0.000, max=0.008}; {min=-0.026, max=0.014}; 15; 4; 1
30; 0.050; 0.000016; 0.081033; 0.095365; 0.097061; 0.056012; 0.363333; {min=0.000, max=0.008}; {min=-0.026, max=0.012}; 15; 4; 1
31; 0.050; 0.000013; 0.081033; 0.095365; 0.097061; 0.056012; 0.363333; {min=0.000, max=0.008}; {min=-0.026, max=0.011}; 15; 4; 1
32; 0.050; 0.000011; 0.081033; 0.095365; 0.097061; 0.056012; 0.363333; {min=0.000, max=0.008}; {min=-0.026, max=0.009}; 15; 4; 1
33; 0.050; 0.000009; 0.081033; 0.095365; 0.097061; 0.056012; 0.363333; {min=0.000, max=0.008}; {min=-0.027, max=0.008}; 15; 4; 1
34; 0.050; 0.000007; 0.081033; 0.095365; 0.097061; 0.056012; 0.363333; {min=0.000, max=0.008}; {min=-0.027, max=0.008}; 15; 4; 1
35; 0.050; 0.000006; 0.081033; 0.095365; 0.097061; 0.056012; 0.363333; {min=0.000, max=0.008}; {min=-0.027, max=0.007}; 15; 4; 1
36; 0.050; 0.000005; 0.081033; 0.095365; 0.097061; 0.056012; 0.363333; {min=0.000, max=0.008}; {min=-0.027, max=0.007}; 15; 4; 1
37; 0.050; 0.000004; 0.081033; 0.095365; 0.097061; 0.056012; 0.363333; {min=0.000, max=0.008}; {min=-0.027, max=0.007}; 15; 4; 1
38; 0.050; 0.000003; 0.081033; 0.095365; 0.097061; 0.056012; 0.363333; {min=0.000, max=0.008}; {min=-0.027, max=0.007}; 15; 4; 1
39; 0.050; 0.000059; 0.081033; 0.095365; 0.056953; 0.030832; 0.372671; {min=0.000, max=0.008}; {min=-0.049, max=0.007}; 8; 11; 1
40; 0.050; 0.000011; 0.081033; 0.095365; 0.089270; 0.050874; 0.363971; {min=0.000, max=0.008}; {min=-0.020, max=0.014}; 13; 6; 1
41; 0.050; 0.000046; 0.081033; 0.095365; 0.056953; 0.030832; 0.372671; {min=0.000, max=0.008}; {min=-0.051, max=0.009}; 8; 11; 1
42; 0.050; 0.000007; 0.081033; 0.095365; 0.089270; 0.050874; 0.363971; {min=0.000, max=0.008}; {min=-0.020, max=0.010}; 13; 6; 1
43; 0.050; 0.000038; 0.081033; 0.095365; 0.056953; 0.030832; 0.372671; {min=0.000, max=0.008}; {min=-0.052, max=0.010}; 8; 11; 1
44; 0.050; 0.000002; 0.081033; 0.095365; 0.097061; 0.056012; 0.363333; {min=0.000, max=0.008}; {min=-0.024, max=0.007}; 15; 4; 1
45; 0.050; 0.000032; 0.081033; 0.095365; 0.056953; 0.030832; 0.372671; {min=0.000, max=0.008}; {min=-0.052, max=0.010}; 8; 11; 1
46; 0.050; 0.000002; 0.081033; 0.095365; 0.097061; 0.056012; 0.363333; {min=0.000, max=0.008}; {min=-0.023, max=0.007}; 15; 4; 1
47; 0.050; 0.000002; 0.081033; 0.095365; 0.097061; 0.056012; 0.363333; {min=0.000, max=0.008}; {min=-0.023, max=0.008}; 15; 4; 1
48; 0.050; 0.000028; 0.081033; 0.095365; 0.056953; 0.030832; 0.372671; {min=0.000, max=0.008}; {min=-0.052, max=0.010}; 8; 11; 1
49; 0.050; 0.000002; 0.081033; 0.095365; 0.097061; 0.056012; 0.363333; {min=0.000, max=0.008}; {min=-0.023, max=0.008}; 15; 4; 1
50; 0.050; 0.000023; 0.081033; 0.095365; 0.056953; 0.030832; 0.372671; {min=0.000, max=0.008}; {min=-0.053, max=0.009}; 8; 11; 1
51; 0.050; 0.000002; 0.081033; 0.095365; 0.097061; 0.056012; 0.363333; {min=0.000, max=0.008}; {min=-0.022, max=0.008}; 15; 4; 1
52; 0.050; 0.000001; 0.081033; 0.095365; 0.097061; 0.056012; 0.363333; {min=0.000, max=0.008}; {min=-0.022, max=0.008}; 15; 4; 1
53; 0.050; 0.000020; 0.081033; 0.095365; 0.056953; 0.030832; 0.372671; {min=0.000, max=0.008}; {min=-0.053, max=0.009}; 8; 11; 1
54; 0.050; 0.000002; 0.081033; 0.095365; 0.097061; 0.056012; 0.363333; {min=0.000, max=0.008}; {min=-0.022, max=0.008}; 15; 4; 1
55; 0.050; 0.000001; 0.081033; 0.095365; 0.097061; 0.056012; 0.363333; {min=0.000, max=0.008}; {min=-0.022, max=0.008}; 15; 4; 1
56; 0.050; 0.000018; 0.081033; 0.095365; 0.056953; 0.030832; 0.372671; {min=0.000, max=0.008}; {min=-0.053, max=0.008}; 8; 11; 1
57; 0.050; 0.000001; 0.081033; 0.095365; 0.097061; 0.056012; 0.363333; {min=0.000, max=0.008}; {min=-0.021, max=0.008}; 15; 4; 1
58; 0.050; 0.000015; 0.081033; 0.095365; 0.056953; 0.030832; 0.372671; {min=0.000, max=0.008}; {min=-0.053, max=0.008}; 8; 11; 1
59; 0.050; 0.000001; 0.081033; 0.095365; 0.097061; 0.056012; 0.363333; {min=0.000, max=0.008}; {min=-0.021, max=0.008}; 15; 4; 1
60; 0.050; 0.000001; 0.081033; 0.095365; 0.097061; 0.056012; 0.363333; {min=0.000, max=0.008}; {min=-0.021, max=0.008}; 15; 4; 1
61; 0.050; 0.000014; 0.081033; 0.095365; 0.056953; 0.030832; 0.372671; {min=0.000, max=0.008}; {min=-0.053, max=0.008}; 8; 11; 1
62; 0.050; 0.000001; 0.081033; 0.095365; 0.097061; 0.056012; 0.363333; {min=0.000, max=0.008}; {min=-0.021, max=0.008}; 15; 4; 1
63; 0.050; 0.000012; 0.081033; 0.095365; 0.056953; 0.030832; 0.372671; {min=0.000, max=0.008}; {min=-0.053, max=0.008}; 8; 11; 1
64; 0.050; 0.000001; 0.081033; 0.095365; 0.097061; 0.056012; 0.363333; {min=0.000, max=0.008}; {min=-0.020, max=0.008}; 15; 4; 1
65; 0.050; 0.000001; 0.081033; 0.095365; 0.097061; 0.056012; 0.363333; {min=0.000, max=0.008}; {min=-0.020, max=0.008}; 15; 4; 1
66; 0.050; 0.000010; 0.081033; 0.095365; 0.056953; 0.030832; 0.372671; {min=0.000, max=0.008}; {min=-0.053, max=0.008}; 8; 11; 1
67; 0.050; 0.000001; 0.081033; 0.095365; 0.097061; 0.056012; 0.363333; {min=0.000, max=0.008}; {min=-0.020, max=0.008}; 15; 4; 1
68; 0.050; 0.000000; 0.081033; 0.095365; 0.097061; 0.056012; 0.363333; {min=0.000, max=0.008}; {min=-0.020, max=0.008}; 15; 4; 1
69; 0.050; 0.000009; 0.081033; 0.095365; 0.055238; 0.029805; 0.376623; {min=0.000, max=0.008}; {min=-0.053, max=0.008}; 7; 12; 1
70; 0.050; 0.000007; 0.081033; 0.095365; 0.056953; 0.030832; 0.372671; {min=0.000, max=0.008}; {min=-0.053, max=0.008}; 8; 11; 1
71; 0.050; 0.000001; 0.081033; 0.095365; 0.097061; 0.056012; 0.363333; {min=0.000, max=0.008}; {min=-0.020, max=0.008}; 15; 4; 1
72; 0.050; 0.000001; 0.081033; 0.095365; 0.096180; 0.054985; 0.383513; {min=0.000, max=0.008}; {min=-0.020, max=0.008}; 14; 5; 1
73; 0.050; 0.000007; 0.081033; 0.095365; 0.056953; 0.030832; 0.372671; {min=0.000, max=0.008}; {min=-0.053, max=0.008}; 8; 11; 1
74; 0.050; 0.000006; 0.081033; 0.095365; 0.056953; 0.030832; 0.372671; {min=0.000, max=0.008}; {min=-0.054, max=0.008}; 8; 11; 1
75; 0.050; 0.000005; 0.081033; 0.095365; 0.056953; 0.030832; 0.372671; {min=0.000, max=0.008}; {min=-0.054, max=0.008}; 8; 11; 1
76; 0.050; 0.000002; 0.081033; 0.095365; 0.096180; 0.054985; 0.383513; {min=0.000, max=0.008}; {min=-0.019, max=0.008}; 14; 5; 1
77; 0.050; 0.000004; 0.081033; 0.095365; 0.056953; 0.030832; 0.372671; {min=0.000, max=0.008}; {min=-0.054, max=0.008}; 8; 11; 1
78; 0.050; 0.000004; 0.081033; 0.095365; 0.056953; 0.030832; 0.372671; {min=0.000, max=0.008}; {min=-0.054, max=0.008}; 8; 11; 1
79; 0.050; 0.000003; 0.081033; 0.095365; 0.056953; 0.030832; 0.372671; {min=0.000, max=0.008}; {min=-0.054, max=0.008}; 8; 11; 1
80; 0.050; 0.000002; 0.081033; 0.095365; 0.096180; 0.054985; 0.383513; {min=0.000, max=0.008}; {min=-0.019, max=0.008}; 14; 5; 1
81; 0.050; 0.000003; 0.081033; 0.095365; 0.056953; 0.030832; 0.372671; {min=0.000, max=0.008}; {min=-0.054, max=0.008}; 8; 11; 1
82; 0.050; 0.000002; 0.081033; 0.095365; 0.056953; 0.030832; 0.372671; {min=0.000, max=0.008}; {min=-0.054, max=0.008}; 8; 11; 1
83; 0.050; 0.000002; 0.081033; 0.095365; 0.056953; 0.030832; 0.372671; {min=0.000, max=0.008}; {min=-0.054, max=0.008}; 8; 11; 1
84; 0.050; 0.000002; 0.081033; 0.095365; 0.096180; 0.054985; 0.383513; {min=0.000, max=0.008}; {min=-0.018, max=0.008}; 14; 5; 1
85; 0.050; 0.000002; 0.081033; 0.095365; 0.056953; 0.030832; 0.372671; {min=0.000, max=0.008}; {min=-0.054, max=0.008}; 8; 11; 1
86; 0.050; 0.000002; 0.081033; 0.095365; 0.056953; 0.030832; 0.372671; {min=0.000, max=0.008}; {min=-0.054, max=0.008}; 8; 11; 1
87; 0.050; 0.000001; 0.081033; 0.095365; 0.056953; 0.030832; 0.372671; {min=0.000, max=0.008}; {min=-0.054, max=0.008}; 8; 11; 1
88; 0.050; 0.000001; 0.081033; 0.095365; 0.056953; 0.030832; 0.372671; {min=0.000, max=0.008}; {min=-0.054, max=0.008}; 8; 11; 1
89; 0.050; 0.000002; 0.081033; 0.095365; 0.096180; 0.054985; 0.383513; {min=0.000, max=0.008}; {min=-0.018, max=0.008}; 14; 5; 1
90; 0.050; 0.000001; 0.081033; 0.095365; 0.056953; 0.030832; 0.372671; {min=0.000, max=0.008}; {min=-0.054, max=0.008}; 8; 11; 1
91; 0.050; 0.000001; 0.081033; 0.095365; 0.056953; 0.030832; 0.372671; {min=0.000, max=0.008}; {min=-0.054, max=0.008}; 8; 11; 1
92; 0.050; 0.000001; 0.081033; 0.095365; 0.056953; 0.030832; 0.372671; {min=0.000, max=0.008}; {min=-0.054, max=0.008}; 8; 11; 1
93; 0.050; 0.000001; 0.081033; 0.095365; 0.056953; 0.030832; 0.372671; {min=0.000, max=0.008}; {min=-0.054, max=0.008}; 8; 11; 1
94; 0.050; 0.000001; 0.081033; 0.095365; 0.056953; 0.030832; 0.372671; {min=0.000, max=0.008}; {min=-0.054, max=0.008}; 8; 11; 1
95; 0.050; 0.000002; 0.081033; 0.095365; 0.096180; 0.054985; 0.383513; {min=0.000, max=0.008}; {min=-0.018, max=0.008}; 14; 5; 1
96; 0.050; 0.000001; 0.081033; 0.095365; 0.056953; 0.030832; 0.372671; {min=0.000, max=0.008}; {min=-0.054, max=0.008}; 8; 11; 1
97; 0.050; 0.000001; 0.081033; 0.095365; 0.056953; 0.030832; 0.372671; {min=0.000, max=0.008}; {min=-0.054, max=0.008}; 8; 11; 1
98; 0.050; 0.000001; 0.081033; 0.095365; 0.056953; 0.030832; 0.372671; {min=0.000, max=0.008}; {min=-0.054, max=0.008}; 8; 11; 1
99; 0.050; 0.000000; 0.081033; 0.095365; 0.056953; 0.030832; 0.372671; {min=0.000, max=0.008}; {min=-0.054, max=0.008}; 8; 11; 1
100; 0.050; 0.000000; 0.081033; 0.095365; 0.056953; 0.030832; 0.372671; {min=0.000, max=0.008}; {min=-0.054, max=0.008}; 8; 11; 1
101; 0.050; 0.000000; 0.081033; 0.095365; 0.056953; 0.030832; 0.372671; {min=0.000, max=0.008}; {min=-0.054, max=0.008}; 8; 11; 1
102; 0.050; 0.000000; 0.081033; 0.095365; 0.056953; 0.030832; 0.372671; {min=0.000, max=0.008}; {min=-0.054, max=0.008}; 8; 11; 1
103; 0.017; 0.000000; 0.081033; 0.095365; 0.056953; 0.030832; 0.372671; {min=0.000, max=0.008}; {min=-0.054, max=0.008}; 8; 11; 1
104; 0.000; 0.000000; 0.081033; 0.095365; 0.056953; 0.030832; 0.372671; {min=0.000, max=0.008}; {min=-0.054, max=0.008}; 8; 11; 1
105; 0.000; 0.000002; 0.081033; 0.095365; 0.096180; 0.054985; 0.383513; {min=0.000, max=0.008}; {min=-0.017, max=0.008}; 14; 5; 1
106; 0.000; 0.000000; 0.081033; 0.095365; 0.056953; 0.030832; 0.372671; {min=0.000, max=0.008}; {min=-0.054, max=0.008}; 8; 11; 1
107; 0.000; 0.000000; 0.081033; 0.095365; 0.056953; 0.030832; 0.372671; {min=0.000, max=0.008}; {min=-0.054, max=0.008}; 8; 11; 1
108; 0.000; 0.000000; 0.081033; 0.095365; 0.056953; 0.030832; 0.372671; {min=0.000, max=0.008}; {min=-0.054, max=0.008}; 8; 11; 1
109; 0.000; 0.000000; 0.081033; 0.095365; 0.056953; 0.030832; 0.372671; {min=0.000, max=0.008}; {min=-0.054, max=0.008}; 8; 11; 1
110; 0.000; 0.000000; 0.081033; 0.095365; 0.056953; 0.030832; 0.372671; {min=0.000, max=0.008}; {min=-0.054, max=0.008}; 8; 11; 1
111; 0.000; 0.000000; 0.081033; 0.095365; 0.056953; 0.030832; 0.372671; {min=0.000, max=0.008}; {min=-0.054, max=0.008}; 8; 11; 1
112; 0.000; 0.000000; 0.081033; 0.095365; 0.056953; 0.030832; 0.372671; {min=0.000, max=0.008}; {min=-0.054, max=0.008}; 8; 11; 1
113; 0.000; 0.000000; 0.081033; 0.095365; 0.056953; 0.030832; 0.372671; {min=0.000, max=0.008}; {min=-0.054, max=0.008}; 8; 11; 1
114; 0.000; 0.000000; 0.081033; 0.095365; 0.056953; 0.030832; 0.372671; {min=0.000, max=0.008}; {min=-0.054, max=0.008}; 8; 11; 1
115; 0.000; 0.000000; 0.081033; 0.095365; 0.056953; 0.030832; 0.372671; {min=0.000, max=0.008}; {min=-0.054, max=0.008}; 8; 11; 1
116; 0.000; 0.000000; 0.081033; 0.095365; 0.056953; 0.030832; 0.372671; {min=0.000, max=0.008}; {min=-0.054, max=0.008}; 8; 11; 1
117; 0.000; 0.000000; 0.081033; 0.095365; 0.056953; 0.030832; 0.372671; {min=0.000, max=0.008}; {min=-0.054, max=0.008}; 8; 11; 1
118; 0.000; 0.000000; 0.081033; 0.095365; 0.056953; 0.030832; 0.372671; {min=0.000, max=0.008}; {min=-0.054, max=0.008}; 8; 11; 1
119; 0.000; 0.000000; 0.081033; 0.095365; 0.056953; 0.030832; 0.372671; {min=0.000, max=0.008}; {min=-0.054, max=0.008}; 8; 11; 1
120; 0.000; 0.000000; 0.081033; 0.095365; 0.056953; 0.030832; 0.372671; {min=0.000, max=0.008}; {min=-0.054, max=0.008}; 8; 11; 1
121; 0.000; 0.000000; 0.081033; 0.095365; 0.056953; 0.030832; 0.372671; {min=0.000, max=0.008}; {min=-0.054, max=0.008}; 8; 11; 1
122; 0.000; 0.000000; 0.081033; 0.095365; 0.056953; 0.030832; 0.372671; {min=0.000, max=0.008}; {min=-0.054, max=0.008}; 8; 11; 1
123; 0.000; 0.000000; 0.081033; 0.095365; 0.056953; 0.030832; 0.372671; {min=0.000, max=0.008}; {min=-0.054, max=0.008}; 8; 11; 1
124; 0.000; 0.000000; 0.081033; 0.095365; 0.056953; 0.030832; 0.372671; {min=0.000, max=0.008}; {min=-0.054, max=0.008}; 8; 11; 1
125; 0.000; 0.000000; 0.081033; 0.095365; 0.056953; 0.030832; 0.372671; {min=0.000, max=0.008}; {min=-0.054, max=0.008}; 8; 11; 1
126; 0.000; 0.000000; 0.081033; 0.095365; 0.056953; 0.030832; 0.372671; {min=0.000, max=0.008}; {min=-0.054, max=0.008}; 8; 11; 1
127; 0.000; 0.000000; 0.081033; 0.095365; 0.056953; 0.030832; 0.372671; {min=0.000, max=0.008}; {min=-0.054, max=0.008}; 8; 11; 1
128; 0.000; 0.000000; 0.081033; 0.095365; 0.056953; 0.030832; 0.372671; {min=0.000, max=0.008}; {min=-0.054, max=0.008}; 8; 11; 1
129; 0.000; 0.000000; 0.081033; 0.095365; 0.056953; 0.030832; 0.372671; {min=0.000, max=0.008}; {min=-0.054, max=0.008}; 8; 11; 1
130; 0.000; 0.000000; 0.081033; 0.095365; 0.056953; 0.030832; 0.372671; {min=0.000, max=0.008}; {min=-0.054, max=0.008}; 8; 11; 1
131; 0.000; 0.000000; 0.081033; 0.095365; 0.056953; 0.030832; 0.372671; {min=0.000, max=0.008}; {min=-0.054, max=0.008}; 8; 11; 1
132; 0.000; 0.000000; 0.081033; 0.095365; 0.056953; 0.030832; 0.372671; {min=0.000, max=0.008}; {min=-0.054, max=0.008}; 8; 11; 1
133; 0.000; 0.000000; 0.081033; 0.095365; 0.056953; 0.030832; 0.372671; {min=0.000, max=0.008}; {min=-0.054, max=0.008}; 8; 11; 1
134; 0.000; 0.000000; 0.081033; 0.095365; 0.056953; 0.030832; 0.372671; {min=0.000, max=0.008}; {min=-0.054, max=0.008}; 8; 11; 1
135; 0.000; 0.000000; 0.081033; 0.095365; 0.056953; 0.030832; 0.372671; {min=0.000, max=0.008}; {min=-0.054, max=0.008}; 8; 11; 1
136; 0.000; 0.000000; 0.081033; 0.095365; 0.056953; 0.030832; 0.372671; {min=0.000, max=0.008}; {min=-0.054, max=0.008}; 8; 11; 1
137; 0.000; 0.000000; 0.081033; 0.095365; 0.056953; 0.030832; 0.372671; {min=0.000, max=0.008}; {min=-0.054, max=0.008}; 8; 11; 1
138; 0.000; 0.000000; 0.081033; 0.095365; 0.056953; 0.030832; 0.372671; {min=0.000, max=0.008}; {min=-0.054, max=0.008}; 8; 11; 1
139; 0.000; 0.000000; 0.081033; 0.095365; 0.056953; 0.030832; 0.372671; {min=0.000, max=0.008}; {min=-0.054, max=0.008}; 8; 11; 1
140; 0.000; 0.000000; 0.081033; 0.095365; 0.056953; 0.030832; 0.372671; {min=0.000, max=0.008}; {min=-0.054, max=0.008}; 8; 11; 1
141; 0.000; 0.000000; 0.081033; 0.095365; 0.056953; 0.030832; 0.372671; {min=0.000, max=0.008}; {min=-0.054, max=0.008}; 8; 11; 1
142; 0.000; 0.000000; 0.081033; 0.095365; 0.056953; 0.030832; 0.372671; {min=0.000, max=0.008}; {min=-0.054, max=0.008}; 8; 11; 1
143; 0.000; 0.000000; 0.081033; 0.095365; 0.056953; 0.030832; 0.372671; {min=0.000, max=0.008}; {min=-0.054, max=0.008}; 8; 11; 1
144; 0.000; 0.000000; 0.081033; 0.095365; 0.056953; 0.030832; 0.372671; {min=0.000, max=0.008}; {min=-0.054, max=0.009}; 8; 11; 1
145; 0.000; 0.000000; 0.081033; 0.095365; 0.056953; 0.030832; 0.372671; {min=0.000, max=0.008}; {min=-0.054, max=0.009}; 8; 11; 1
146; 0.000; 0.000001; 0.081033; 0.095365; 0.056953; 0.030832; 0.372671; {min=0.000, max=0.008}; {min=-0.054, max=0.009}; 8; 11; 1
147; 0.000; 0.000001; 0.081033; 0.095365; 0.056953; 0.030832; 0.372671; {min=0.000, max=0.008}; {min=-0.053, max=0.009}; 8; 11; 1
148; 0.000; 0.000001; 0.081033; 0.095365; 0.056953; 0.030832; 0.372671; {min=0.000, max=0.008}; {min=-0.053, max=0.009}; 8; 11; 1
149; 0.000; 0.000002; 0.081033; 0.095365; 0.056953; 0.030832; 0.372671; {min=0.000, max=0.008}; {min=-0.053, max=0.009}; 8; 11; 1
150; 0.000; 0.000003; 0.081033; 0.095365; 0.056953; 0.030832; 0.372671; {min=0.000, max=0.008}; {min=-0.053, max=0.009}; 8; 11; 1
151; 0.000; 0.000003; 0.081033; 0.095365; 0.056953; 0.030832; 0.372671; {min=0.000, max=0.008}; {min=-0.053, max=0.009}; 8; 11; 1
152; 0.000; 0.000002; 0.081033; 0.095365; 0.056953; 0.030832; 0.372671; {min=0.000, max=0.008}; {min=-0.053, max=0.009}; 8; 11; 1
153; 0.000; 0.000002; 0.081033; 0.095365; 0.056953; 0.030832; 0.372671; {min=0.000, max=0.008}; {min=-0.053, max=0.009}; 8; 11; 1
154; 0.000; 0.000001; 0.081033; 0.095365; 0.056953; 0.030832; 0.372671; {min=0.000, max=0.008}; {min=-0.053, max=0.009}; 8; 11; 1
155; 0.000; 0.000001; 0.081033; 0.095365; 0.056953; 0.030832; 0.372671; {min=0.000, max=0.008}; {min=-0.053, max=0.009}; 8; 11; 1
156; 0.000; 0.000000; 0.081033; 0.095365; 0.056953; 0.030832; 0.372671; {min=0.000, max=0.008}; {min=-0.054, max=0.008}; 8; 11; 1
157; 0.000; 0.000000; 0.081033; 0.095365; 0.056953; 0.030832; 0.372671; {min=0.000, max=0.008}; {min=-0.054, max=0.008}; 8; 11; 1
158; 0.000; 0.000000; 0.081033; 0.095365; 0.056953; 0.030832; 0.372671; {min=0.000, max=0.008}; {min=-0.054, max=0.008}; 8; 11; 1
159; 0.000; 0.000000; 0.081033; 0.095365; 0.056953; 0.030832; 0.372671; {min=0.000, max=0.008}; {min=-0.054, max=0.008}; 8; 11; 1
160; 0.000; 0.000001; 0.081033; 0.095365; 0.097061; 0.056012; 0.363333; {min=0.000, max=0.008}; {min=-0.017, max=0.008}; 15; 4; 1
161; 0.000; 0.000001; 0.081033; 0.095365; 0.096180; 0.054985; 0.383513; {min=0.000, max=0.008}; {min=-0.017, max=0.008}; 14; 5; 1
162; 0.000; 0.000002; 0.081033; 0.095365; 0.098083; 0.056526; 0.370370; {min=0.000, max=0.008}; {min=-0.013, max=0.007}; 14; 5; 1
163; 0.000; 0.000146; 0.081033; 0.095365; 0.033680; 0.017472; 0.465753; {min=0.000, max=0.008}; {min=-0.038, max=0.022}; 3; 16; 1
164; 0.000; 0.000007; 0.081033; 0.095365; 0.077455; 0.043165; 0.376682; {min=0.000, max=0.008}; {min=-0.016, max=0.011}; 11; 8; 1
165; 0.000; 0.000004; 0.081033; 0.095365; 0.077455; 0.043165; 0.376682; {min=0.000, max=0.008}; {min=-0.016, max=0.009}; 11; 8; 1
166; 0.000; 0.000003; 0.081033; 0.095365; 0.077455; 0.043165; 0.376682; {min=0.000, max=0.008}; {min=-0.016, max=0.008}; 11; 8; 1
167; 0.000; 0.000002; 0.081033; 0.095365; 0.077455; 0.043165; 0.376682; {min=0.000, max=0.008}; {min=-0.016, max=0.007}; 11; 8; 1
168; 0.000; 0.000001; 0.081033; 0.095365; 0.077455; 0.043165; 0.376682; {min=0.000, max=0.008}; {min=-0.016, max=0.007}; 11; 8; 1
169; 0.000; 0.000001; 0.081033; 0.095365; 0.077455; 0.043165; 0.376682; {min=0.000, max=0.008}; {min=-0.016, max=0.007}; 11; 8; 1
170; 0.000; 0.000001; 0.081033; 0.095365; 0.077455; 0.043165; 0.376682; {min=0.000, max=0.008}; {min=-0.016, max=0.007}; 11; 8; 1
171; 0.000; 0.000001; 0.081033; 0.095365; 0.077455; 0.043165; 0.376682; {min=0.000, max=0.008}; {min=-0.016, max=0.007}; 11; 8; 1
172; 0.000; 0.000001; 0.081033; 0.095365; 0.077455; 0.043165; 0.376682; {min=0.000, max=0.008}; {min=-0.016, max=0.007}; 11; 8; 1
173; 0.000; 0.000000; 0.081033; 0.095365; 0.077455; 0.043165; 0.376682; {min=0.000, max=0.008}; {min=-0.016, max=0.007}; 11; 8; 1
174; 0.000; 0.000000; 0.081033; 0.095365; 0.077455; 0.043165; 0.376682; {min=0.000, max=0.008}; {min=-0.016, max=0.007}; 11; 8; 1
175; 0.000; 0.000000; 0.081033; 0.095365; 0.077455; 0.043165; 0.376682; {min=0.000, max=0.008}; {min=-0.016, max=0.008}; 11; 8; 1
176; 0.000; 0.000000; 0.081033; 0.095365; 0.077455; 0.043165; 0.376682; {min=0.000, max=0.008}; {min=-0.016, max=0.008}; 11; 8; 1
177; 0.000; 0.000000; 0.081033; 0.095365; 0.077455; 0.043165; 0.376682; {min=0.000, max=0.008}; {min=-0.016, max=0.008}; 11; 8; 1
178; 0.000; 0.000000; 0.081033; 0.095365; 0.077455; 0.043165; 0.376682; {min=0.000, max=0.008}; {min=-0.016, max=0.008}; 11; 8; 1
179; 0.000; 0.000000; 0.081033; 0.095365; 0.077455; 0.043165; 0.376682; {min=0.000, max=0.008}; {min=-0.016, max=0.008}; 11; 8; 1
180; 0.000; 0.000000; 0.081033; 0.095365; 0.077455; 0.043165; 0.376682; {min=0.000, max=0.008}; {min=-0.016, max=0.008}; 11; 8; 1
181; 0.000; 0.000000; 0.081033; 0.095365; 0.077455; 0.043165; 0.376682; {min=0.000, max=0.008}; {min=-0.016, max=0.008}; 11; 8; 1
182; 0.000; 0.000000; 0.081033; 0.095365; 0.077455; 0.043165; 0.376682; {min=0.000, max=0.008}; {min=-0.016, max=0.008}; 11; 8; 1
183; 0.000; 0.000000; 0.081033; 0.095365; 0.077455; 0.043165; 0.376682; {min=0.000, max=0.008}; {min=-0.016, max=0.008}; 11; 8; 1
184; 0.000; 0.000000; 0.081033; 0.095365; 0.077455; 0.043165; 0.376682; {min=0.000, max=0.008}; {min=-0.016, max=0.008}; 11; 8; 1
185; 0.000; 0.000000; 0.081033; 0.095365; 0.077455; 0.043165; 0.376682; {min=0.000, max=0.008}; {min=-0.016, max=0.008}; 11; 8; 1
186; 0.000; 0.000000; 0.081033; 0.095365; 0.077455; 0.043165; 0.376682; {min=0.000, max=0.008}; {min=-0.016, max=0.008}; 11; 8; 1
187; 0.000; 0.000000; 0.081033; 0.095365; 0.077455; 0.043165; 0.376682; {min=0.000, max=0.008}; {min=-0.016, max=0.008}; 11; 8; 1
188; 0.000; 0.000000; 0.081033; 0.095365; 0.077455; 0.043165; 0.376682; {min=0.000, max=0.008}; {min=-0.016, max=0.008}; 11; 8; 1
189; 0.000; 0.000000; 0.081033; 0.095365; 0.077455; 0.043165; 0.376682; {min=0.000, max=0.008}; {min=-0.016, max=0.008}; 11; 8; 1
190; 0.000; 0.000000; 0.081033; 0.095365; 0.077455; 0.043165; 0.376682; {min=0.000, max=0.008}; {min=-0.016, max=0.008}; 11; 8; 1
191; 0.000; 0.000000; 0.081033; 0.095365; 0.077455; 0.043165; 0.376682; {min=0.000, max=0.008}; {min=-0.016, max=0.008}; 11; 8; 1
192; 0.000; 0.000000; 0.081033; 0.095365; 0.077455; 0.043165; 0.376682; {min=0.000, max=0.008}; {min=-0.016, max=0.008}; 11; 8; 1
193; 0.000; 0.000001; 0.081033; 0.095365; 0.077455; 0.043165; 0.376682; {min=0.000, max=0.008}; {min=-0.016, max=0.007}; 11; 8; 1
194; 0.000; 0.000001; 0.081033; 0.095365; 0.077455; 0.043165; 0.376682; {min=0.000, max=0.008}; {min=-0.016, max=0.007}; 11; 8; 1
195; 0.000; 0.000002; 0.081033; 0.095365; 0.077455; 0.043165; 0.376682; {min=0.000, max=0.008}; {min=-0.016, max=0.007}; 11; 8; 1
196; 0.000; 0.000003; 0.081033; 0.095365; 0.077455; 0.043165; 0.376682; {min=0.000, max=0.008}; {min=-0.016, max=0.007}; 11; 8; 1
197; 0.000; 0.000007; 0.081033; 0.095365; 0.044878; 0.023638; 0.442308; {min=0.000, max=0.008}; {min=-0.034, max=0.006}; 5; 14; 1
198; 0.000; 0.000028; 0.081033; 0.095365; 0.044878; 0.023638; 0.442308; {min=0.000, max=0.008}; {min=-0.033, max=0.008}; 5; 14; 1
199; 0.000; 0.000041; 0.081033; 0.095365; 0.044878; 0.023638; 0.442308; {min=0.000, max=0.008}; {min=-0.034, max=0.010}; 5; 14; 1
200; 0.000; 0.000017; 0.081033; 0.095365; 0.044878; 0.023638; 0.442308; {min=0.000, max=0.008}; {min=-0.033, max=0.009}; 5; 14; 1
201; 0.000; 0.000004; 0.081033; 0.095365; 0.044878; 0.023638; 0.442308; {min=0.000, max=0.008}; {min=-0.033, max=0.008}; 5; 14; 1
202; 0.000; 0.000001; 0.081033; 0.095365; 0.077455; 0.043165; 0.376682; {min=0.000, max=0.008}; {min=-0.016, max=0.008}; 11; 8; 1
203; 0.000; 0.000000; 0.081033; 0.095365; 0.077455; 0.043165; 0.376682; {min=0.000, max=0.008}; {min=-0.017, max=0.009}; 11; 8; 1
204; 0.000; 0.000000; 0.081033; 0.095365; 0.077455; 0.043165; 0.376682; {min=0.000, max=0.008}; {min=-0.017, max=0.009}; 11; 8; 1
205; 0.000; 0.000000; 0.081033; 0.095365; 0.077455; 0.043165; 0.376682; {min=0.000, max=0.008}; {min=-0.016, max=0.009}; 11; 8; 1
206; 0.000; 0.000000; 0.081033; 0.095365; 0.077455; 0.043165; 0.376682; {min=0.000, max=0.008}; {min=-0.016, max=0.009}; 11; 8; 1
207; 0.000; 0.000000; 0.081033; 0.095365; 0.077455; 0.043165; 0.376682; {min=0.000, max=0.008}; {min=-0.016, max=0.009}; 11; 8; 1
208; 0.000; 0.000000; 0.081033; 0.095365; 0.077455; 0.043165; 0.376682; {min=0.000, max=0.008}; {min=-0.016, max=0.009}; 11; 8; 1
209; 0.000; 0.000000; 0.081033; 0.095365; 0.077455; 0.043165; 0.376682; {min=0.000, max=0.008}; {min=-0.016, max=0.009}; 11; 8; 1
210; 0.000; 0.000000; 0.081033; 0.095365; 0.077455; 0.043165; 0.376682; {min=0.000, max=0.008}; {min=-0.016, max=0.009}; 11; 8; 1
211; 0.000; 0.000000; 0.081033; 0.095365; 0.077455; 0.043165; 0.376682; {min=0.000, max=0.008}; {min=-0.016, max=0.009}; 11; 8; 1
212; 0.000; 0.000000; 0.081033; 0.095365; 0.077455; 0.043165; 0.376682; {min=0.000, max=0.008}; {min=-0.016, max=0.008}; 11; 8; 1
213; 0.000; 0.000000; 0.081033; 0.095365; 0.077455; 0.043165; 0.376682; {min=0.000, max=0.008}; {min=-0.016, max=0.008}; 11; 8; 1
214; 0.000; 0.000000; 0.081033; 0.095365; 0.077455; 0.043165; 0.376682; {min=0.000, max=0.008}; {min=-0.016, max=0.008}; 11; 8; 1
215; 0.000; 0.000000; 0.081033; 0.095365; 0.077455; 0.043165; 0.376682; {min=0.000, max=0.008}; {min=-0.016, max=0.008}; 11; 8; 1
216; 0.000; 0.000000; 0.081033; 0.095365; 0.077455; 0.043165; 0.376682; {min=0.000, max=0.008}; {min=-0.016, max=0.008}; 11; 8; 1
217; 0.000; 0.000000; 0.081033; 0.095365; 0.077455; 0.043165; 0.376682; {min=0.000, max=0.008}; {min=-0.016, max=0.008}; 11; 8; 1
218; 0.000; 0.000000; 0.081033; 0.095365; 0.077455; 0.043165; 0.376682; {min=0.000, max=0.008}; {min=-0.016, max=0.008}; 11; 8; 1
219; 0.000; 0.000000; 0.081033; 0.095365; 0.077455; 0.043165; 0.376682; {min=0.000, max=0.008}; {min=-0.016, max=0.008}; 11; 8; 1
220; 0.000; 0.000000; 0.081033; 0.095365; 0.077455; 0.043165; 0.376682; {min=0.000, max=0.008}; {min=-0.016, max=0.009}; 11; 8; 1
221; 0.000; 0.000000; 0.081033; 0.095365; 0.077455; 0.043165; 0.376682; {min=0.000, max=0.008}; {min=-0.016, max=0.009}; 11; 8; 1
222; 0.000; 0.000001; 0.081033; 0.095365; 0.077455; 0.043165; 0.376682; {min=0.000, max=0.008}; {min=-0.016, max=0.009}; 11; 8; 1
223; 0.000; 0.000001; 0.081033; 0.095365; 0.077455; 0.043165; 0.376682; {min=0.000, max=0.008}; {min=-0.016, max=0.009}; 11; 8; 1
224; 0.000; 0.000005; 0.081033; 0.095365; 0.088142; 0.049846; 0.380392; {min=0.000, max=0.008}; {min=-0.023, max=0.009}; 13; 6; 1
225; 0.000; 0.000013; 0.081033; 0.095365; 0.096180; 0.054985; 0.383513; {min=0.000, max=0.008}; {min=-0.023, max=0.011}; 14; 5; 1
226; 0.000; 0.000011; 0.081033; 0.095365; 0.056953; 0.030832; 0.372671; {min=0.000, max=0.008}; {min=-0.048, max=0.014}; 8; 11; 1
227; 0.000; 0.000003; 0.081033; 0.095365; 0.056953; 0.030832; 0.372671; {min=0.000, max=0.008}; {min=-0.051, max=0.011}; 8; 11; 1
228; 0.000; 0.000001; 0.081033; 0.095365; 0.056953; 0.030832; 0.372671; {min=0.000, max=0.008}; {min=-0.052, max=0.009}; 8; 11; 1
229; 0.000; 0.000001; 0.081033; 0.095365; 0.096180; 0.054985; 0.383513; {min=0.000, max=0.008}; {min=-0.021, max=0.008}; 14; 5; 1
230; 0.000; 0.000001; 0.081033; 0.095365; 0.096180; 0.054985; 0.383513; {min=0.000, max=0.008}; {min=-0.021, max=0.008}; 14; 5; 1
231; 0.000; 0.000001; 0.081033; 0.095365; 0.096180; 0.054985; 0.383513; {min=0.000, max=0.008}; {min=-0.021, max=0.008}; 14; 5; 1
232; 0.000; 0.000004; 0.081033; 0.095365; 0.096180; 0.054985; 0.383513; {min=0.000, max=0.008}; {min=-0.021, max=0.007}; 14; 5; 1
233; 0.000; 0.000014; 0.081033; 0.095365; 0.096180; 0.054985; 0.383513; {min=0.000, max=0.008}; {min=-0.021, max=0.006}; 14; 5; 1
234; 0.000; 0.000025; 0.081033; 0.095365; 0.042074; 0.022097; 0.438776; {min=0.000, max=0.008}; {min=-0.045, max=0.004}; 4; 15; 1
235; 0.000; 0.000003; 0.081033; 0.095365; 0.056953; 0.030832; 0.372671; {min=0.000, max=0.008}; {min=-0.054, max=0.008}; 8; 11; 1
236; 0.000; 0.000001; 0.081033; 0.095365; 0.056953; 0.030832; 0.372671; {min=0.000, max=0.008}; {min=-0.053, max=0.009}; 8; 11; 1
237; 0.000; 0.000000; 0.081033; 0.095365; 0.056953; 0.030832; 0.372671; {min=0.000, max=0.008}; {min=-0.053, max=0.009}; 8; 11; 1
238; 0.000; 0.000000; 0.081033; 0.095365; 0.056953; 0.030832; 0.372671; {min=0.000, max=0.008}; {min=-0.053, max=0.009}; 8; 11; 1
239; 0.000; 0.000000; 0.081033; 0.095365; 0.056953; 0.030832; 0.372671; {min=0.000, max=0.008}; {min=-0.053, max=0.009}; 8; 11; 1
240; 0.000; 0.000000; 0.081033; 0.095365; 0.056953; 0.030832; 0.372671; {min=0.000, max=0.008}; {min=-0.053, max=0.009}; 8; 11; 1
241; 0.000; 0.000000; 0.081033; 0.095365; 0.056953; 0.030832; 0.372671; {min=0.000, max=0.008}; {min=-0.053, max=0.009}; 8; 11; 1
242; 0.000; 0.000000; 0.081033; 0.095365; 0.056953; 0.030832; 0.372671; {min=0.000, max=0.008}; {min=-0.053, max=0.008}; 8; 11; 1
243; 0.000; 0.000000; 0.081033; 0.095365; 0.056953; 0.030832; 0.372671; {min=0.000, max=0.008}; {min=-0.053, max=0.008}; 8; 11; 1
244; 0.000; 0.000000; 0.081033; 0.095365; 0.056953; 0.030832; 0.372671; {min=0.000, max=0.008}; {min=-0.053, max=0.008}; 8; 11; 1
245; 0.000; 0.000000; 0.081033; 0.095365; 0.056953; 0.030832; 0.372671; {min=0.000, max=0.008}; {min=-0.053, max=0.008}; 8; 11; 1
246; 0.000; 0.000000; 0.081033; 0.095365; 0.056953; 0.030832; 0.372671; {min=0.000, max=0.008}; {min=-0.053, max=0.008}; 8; 11; 1
247; 0.000; 0.000000; 0.081033; 0.095365; 0.056953; 0.030832; 0.372671; {min=0.000, max=0.008}; {min=-0.053, max=0.008}; 8; 11; 1
248; 0.000; 0.000000; 0.081033; 0.095365; 0.056953; 0.030832; 0.372671; {min=0.000, max=0.008}; {min=-0.053, max=0.008}; 8; 11; 1
249; 0.000; 0.000000; 0.081033; 0.095365; 0.056953; 0.030832; 0.372671; {min=0.000, max=0.008}; {min=-0.053, max=0.008}; 8; 11; 1
250; 0.000; 0.000000; 0.081033; 0.095365; 0.056953; 0.030832; 0.372671; {min=0.000, max=0.008}; {min=-0.053, max=0.008}; 8; 11; 1
251; 0.000; 0.000000; 0.081033; 0.095365; 0.056953; 0.030832; 0.372671; {min=0.000, max=0.008}; {min=-0.053, max=0.008}; 8; 11; 1
252; 0.000; 0.000000; 0.081033; 0.095365; 0.056953; 0.030832; 0.372671; {min=0.000, max=0.008}; {min=-0.053, max=0.008}; 8; 11; 1
253; 0.000; 0.000000; 0.081033; 0.095365; 0.056953; 0.030832; 0.372671; {min=0.000, max=0.008}; {min=-0.053, max=0.008}; 8; 11; 1
254; 0.000; 0.000000; 0.081033; 0.095365; 0.056953; 0.030832; 0.372671; {min=0.000, max=0.008}; {min=-0.053, max=0.008}; 8; 11; 1
255; 0.000; 0.000000; 0.081033; 0.095365; 0.056953; 0.030832; 0.372671; {min=0.000, max=0.008}; {min=-0.053, max=0.008}; 8; 11; 1
256; 0.000; 0.000000; 0.081033; 0.095365; 0.056953; 0.030832; 0.372671; {min=0.000, max=0.008}; {min=-0.053, max=0.008}; 8; 11; 1
257; 0.000; 0.000000; 0.081033; 0.095365; 0.056953; 0.030832; 0.372671; {min=0.000, max=0.008}; {min=-0.053, max=0.008}; 8; 11; 1
258; 0.000; 0.000000; 0.081033; 0.095365; 0.056953; 0.030832; 0.372671; {min=0.000, max=0.008}; {min=-0.053, max=0.008}; 8; 11; 1
259; 0.000; 0.000000; 0.081033; 0.095365; 0.056953; 0.030832; 0.372671; {min=0.000, max=0.008}; {min=-0.053, max=0.008}; 8; 11; 1
260; 0.000; 0.000000; 0.081033; 0.095365; 0.056953; 0.030832; 0.372671; {min=0.000, max=0.008}; {min=-0.053, max=0.008}; 8; 11; 1
261; 0.000; 0.000000; 0.081033; 0.095365; 0.056953; 0.030832; 0.372671; {min=0.000, max=0.008}; {min=-0.053, max=0.008}; 8; 11; 1
262; 0.000; 0.000000; 0.081033; 0.095365; 0.056953; 0.030832; 0.372671; {min=0.000, max=0.008}; {min=-0.053, max=0.008}; 8; 11; 1
263; 0.000; 0.000000; 0.081033; 0.095365; 0.056953; 0.030832; 0.372671; {min=0.000, max=0.008}; {min=-0.053, max=0.008}; 8; 11; 1
264; 0.000; 0.000000; 0.081033; 0.095365; 0.056953; 0.030832; 0.372671; {min=0.000, max=0.008}; {min=-0.053, max=0.008}; 8; 11; 1
265; 0.000; 0.000000; 0.081033; 0.095365; 0.056953; 0.030832; 0.372671; {min=0.000, max=0.008}; {min=-0.053, max=0.008}; 8; 11; 1
266; 0.000; 0.000000; 0.081033; 0.095365; 0.056953; 0.030832; 0.372671; {min=0.000, max=0.008}; {min=-0.053, max=0.008}; 8; 11; 1
267; 0.000; 0.000000; 0.081033; 0.095365; 0.056953; 0.030832; 0.372671; {min=0.000, max=0.008}; {min=-0.053, max=0.008}; 8; 11; 1
268; 0.000; 0.000000; 0.081033; 0.095365; 0.056953; 0.030832; 0.372671; {min=0.000, max=0.008}; {min=-0.053, max=0.008}; 8; 11; 1
269; 0.000; 0.000000; 0.081033; 0.095365; 0.056953; 0.030832; 0.372671; {min=0.000, max=0.008}; {min=-0.053, max=0.008}; 8; 11; 1
270; 0.000; 0.000000; 0.081033; 0.095365; 0.056953; 0.030832; 0.372671; {min=0.000, max=0.008}; {min=-0.053, max=0.008}; 8; 11; 1
271; 0.000; 0.000000; 0.081033; 0.095365; 0.056953; 0.030832; 0.372671; {min=0.000, max=0.008}; {min=-0.053, max=0.008}; 8; 11; 1
272; 0.000; 0.000000; 0.081033; 0.095365; 0.056953; 0.030832; 0.372671; {min=0.000, max=0.008}; {min=-0.053, max=0.008}; 8; 11; 1
273; 0.000; 0.000000; 0.081033; 0.095365; 0.056953; 0.030832; 0.372671; {min=0.000, max=0.008}; {min=-0.053, max=0.008}; 8; 11; 1
274; 0.000; 0.000000; 0.081033; 0.095365; 0.056953; 0.030832; 0.372671; {min=0.000, max=0.008}; {min=-0.053, max=0.009}; 8; 11; 1
275; 0.000; 0.000001; 0.081033; 0.095365; 0.056953; 0.030832; 0.372671; {min=0.000, max=0.008}; {min=-0.053, max=0.009}; 8; 11; 1
276; 0.000; 0.000003; 0.081033; 0.095365; 0.056953; 0.030832; 0.372671; {min=0.000, max=0.008}; {min=-0.052, max=0.009}; 8; 11; 1
277; 0.000; 0.000006; 0.081033; 0.095365; 0.056953; 0.030832; 0.372671; {min=0.000, max=0.008}; {min=-0.052, max=0.010}; 8; 11; 1
278; 0.000; 0.000009; 0.081033; 0.095365; 0.056953; 0.030832; 0.372671; {min=0.000, max=0.008}; {min=-0.051, max=0.010}; 8; 11; 1
279; 0.000; 0.000008; 0.081033; 0.095365; 0.056953; 0.030832; 0.372671; {min=0.000, max=0.008}; {min=-0.051, max=0.011}; 8; 11; 1
280; 0.000; 0.000005; 0.081033; 0.095365; 0.056953; 0.030832; 0.372671; {min=0.000, max=0.008}; {min=-0.051, max=0.010}; 8; 11; 1
281; 0.000; 0.000002; 0.081033; 0.095365; 0.056953; 0.030832; 0.372671; {min=0.000, max=0.008}; {min=-0.051, max=0.010}; 8; 11; 1
282; 0.000; 0.000001; 0.081033; 0.095365; 0.056953; 0.030832; 0.372671; {min=0.000, max=0.008}; {min=-0.052, max=0.009}; 8; 11; 1
283; 0.000; 0.000000; 0.081033; 0.095365; 0.056953; 0.030832; 0.372671; {min=0.000, max=0.008}; {min=-0.053, max=0.008}; 8; 11; 1
284; 0.000; 0.000000; 0.081033; 0.095365; 0.056953; 0.030832; 0.372671; {min=0.000, max=0.008}; {min=-0.053, max=0.008}; 8; 11; 1
285; 0.000; 0.000000; 0.081033; 0.095365; 0.056953; 0.030832; 0.372671; {min=0.000, max=0.008}; {min=-0.054, max=0.007}; 8; 11; 1
286; 0.000; 0.000000; 0.081033; 0.095365; 0.056953; 0.030832; 0.372671; {min=0.000, max=0.008}; {min=-0.054, max=0.007}; 8; 11; 1
287; 0.000; 0.000000; 0.081033; 0.095365; 0.056953; 0.030832; 0.372671; {min=0.000, max=0.008}; {min=-0.054, max=0.007}; 8; 11; 1
288; 0.000; 0.000000; 0.081033; 0.095365; 0.056953; 0.030832; 0.372671; {min=0.000, max=0.008}; {min=-0.054, max=0.007}; 8; 11; 1
289; 0.000; 0.000005; 0.081033; 0.095365; 0.096180; 0.054985; 0.383513; {min=0.000, max=0.008}; {min=-0.021, max=0.007}; 14; 5; 1
290; 0.000; 0.000050; 0.081033; 0.095365; 0.052199; 0.027749; 0.439024; {min=0.000, max=0.008}; {min=-0.044, max=0.004}; 5; 14; 1
291; 0.000; 0.000006; 0.081033; 0.095365; 0.056953; 0.030832; 0.372671; {min=0.000, max=0.008}; {min=-0.053, max=0.009}; 8; 11; 1
292; 0.000; 0.000002; 0.081033; 0.095365; 0.056953; 0.030832; 0.372671; {min=0.000, max=0.008}; {min=-0.052, max=0.010}; 8; 11; 1
293; 0.000; 0.000001; 0.081033; 0.095365; 0.056953; 0.030832; 0.372671; {min=0.000, max=0.008}; {min=-0.053, max=0.009}; 8; 11; 1
294; 0.000; 0.000000; 0.081033; 0.095365; 0.056953; 0.030832; 0.372671; {min=0.000, max=0.008}; {min=-0.053, max=0.009}; 8; 11; 1
295; 0.000; 0.000000; 0.081033; 0.095365; 0.056953; 0.030832; 0.372671; {min=0.000, max=0.008}; {min=-0.053, max=0.009}; 8; 11; 1
296; 0.000; 0.000000; 0.081033; 0.095365; 0.056953; 0.030832; 0.372671; {min=0.000, max=0.008}; {min=-0.053, max=0.008}; 8; 11; 1
297; 0.000; 0.000000; 0.081033; 0.095365; 0.056953; 0.030832; 0.372671; {min=0.000, max=0.008}; {min=-0.053, max=0.008}; 8; 11; 1
298; 0.000; 0.000000; 0.081033; 0.095365; 0.056953; 0.030832; 0.372671; {min=0.000, max=0.008}; {min=-0.054, max=0.008}; 8; 11; 1
299; 0.000; 0.000000; 0.081033; 0.095365; 0.056953; 0.030832; 0.372671; {min=0.000, max=0.008}; {min=-0.054, max=0.008}; 8; 11; 1
300; 0.000; 0.000000; 0.081033; 0.095365; 0.056953; 0.030832; 0.372671; {min=0.000, max=0.008}; {min=-0.054, max=0.008}; 8; 11; 1
