epoch;epsilon;loss;randomF1;oracleF1;rougeF1;rougeRecall;rougePrecision;actual;pred;nselect;nskip;query
0; 1.000; 0.000453; 0.000000; 0.095365; 0.000000; 0.000000; 0.000000; {min=0.000, max=0.000}; {min=-0.052, max=0.086}; 12; 7; 1
1; 0.967; 0.000269; 0.000000; 0.095365; 0.005010; 0.002569; 0.100000; {min=0.000, max=0.060}; {min=-0.037, max=0.052}; 12; 7; 1
2; 0.933; 0.002445; 0.000000; 0.095365; 0.003074; 0.001542; 0.500000; {min=0.000, max=0.500}; {min=-0.023, max=0.066}; 12; 7; 1
3; 0.900; 0.002393; 0.000000; 0.095365; 0.001015; 0.000514; 0.040000; {min=0.000, max=0.040}; {min=-0.020, max=0.061}; 12; 7; 1
4; 0.867; 0.006270; 0.000000; 0.095365; 0.001015; 0.000514; 0.040000; {min=0.000, max=0.040}; {min=-0.021, max=0.060}; 10; 9; 1
5; 0.833; 0.000583; 0.000000; 0.095365; 0.001015; 0.000514; 0.040000; {min=0.000, max=0.040}; {min=-0.019, max=0.070}; 10; 9; 1
6; 0.800; 0.002264; 0.000000; 0.095365; 0.008044; 0.004111; 0.186047; {min=0.000, max=0.146}; {min=-0.021, max=0.063}; 10; 9; 1
7; 0.767; 0.002338; 0.000000; 0.095365; 0.014888; 0.007708; 0.217391; {min=-0.002, max=0.118}; {min=-0.020, max=0.069}; 10; 9; 1
8; 0.733; 0.000317; 0.000000; 0.095365; 0.011917; 0.006166; 0.176471; {min=0.000, max=0.076}; {min=-0.019, max=0.066}; 10; 9; 1
9; 0.700; 0.002496; 0.000000; 0.095365; 0.011911; 0.006166; 0.173913; {min=-0.002, max=0.076}; {min=-0.021, max=0.056}; 10; 9; 1
10; 0.667; 0.002312; 0.000000; 0.095365; 0.011917; 0.006166; 0.176471; {min=0.000, max=0.076}; {min=-0.019, max=0.061}; 10; 9; 1
11; 0.633; 0.000303; 0.000000; 0.095365; 0.011917; 0.006166; 0.176471; {min=0.000, max=0.076}; {min=-0.019, max=0.057}; 10; 9; 1
12; 0.600; 0.000470; 0.000000; 0.095365; 0.011911; 0.006166; 0.173913; {min=-0.002, max=0.076}; {min=-0.019, max=0.055}; 9; 10; 1
13; 0.567; 0.001208; 0.000000; 0.095365; 0.007988; 0.004111; 0.140351; {min=-0.192, max=0.286}; {min=-0.028, max=0.054}; 9; 10; 1
14; 0.533; 0.002472; 0.000000; 0.095365; 0.015694; 0.008222; 0.172043; {min=0.000, max=0.060}; {min=-0.019, max=0.053}; 9; 10; 1
15; 0.500; 0.000893; 0.000000; 0.095365; 0.007988; 0.004111; 0.140351; {min=-0.192, max=0.286}; {min=-0.026, max=0.053}; 9; 10; 1
16; 0.467; 0.001706; 0.000000; 0.095365; 0.007988; 0.004111; 0.140351; {min=-0.192, max=0.286}; {min=-0.028, max=0.044}; 9; 10; 1
17; 0.433; 0.007146; 0.000000; 0.095365; 0.012942; 0.006680; 0.206349; {min=-0.328, max=0.538}; {min=-0.024, max=0.064}; 9; 10; 1
18; 0.400; 0.003118; 0.000000; 0.095365; 0.021632; 0.011305; 0.250000; {min=-0.228, max=0.538}; {min=-0.019, max=0.039}; 10; 9; 1
19; 0.367; 0.009314; 0.000000; 0.095365; 0.014881; 0.007708; 0.214286; {min=-0.228, max=0.538}; {min=-0.025, max=0.039}; 9; 10; 1
20; 0.333; 0.006235; 0.000000; 0.095365; 0.016129; 0.008222; 0.421053; {min=-0.088, max=0.538}; {min=-0.024, max=0.046}; 8; 11; 1
21; 0.300; 0.003614; 0.000000; 0.095365; 0.016129; 0.008222; 0.421053; {min=-0.088, max=0.538}; {min=-0.027, max=0.045}; 7; 12; 1
22; 0.267; 0.007956; 0.000000; 0.095365; 0.025884; 0.013361; 0.412698; {min=-0.025, max=0.400}; {min=-0.032, max=0.041}; 8; 11; 1
23; 0.233; 0.005934; 0.000000; 0.095365; 0.025884; 0.013361; 0.412698; {min=-0.025, max=0.400}; {min=-0.030, max=0.051}; 8; 11; 1
24; 0.200; 0.007757; 0.000000; 0.095365; 0.025884; 0.013361; 0.412698; {min=-0.025, max=0.400}; {min=-0.034, max=0.053}; 8; 11; 1
25; 0.167; 0.007397; 0.000000; 0.095365; 0.025884; 0.013361; 0.412698; {min=-0.025, max=0.400}; {min=-0.035, max=0.062}; 8; 11; 1
26; 0.133; 0.002860; 0.000000; 0.095365; 0.065604; 0.035971; 0.372340; {min=-0.056, max=0.400}; {min=-0.022, max=0.079}; 11; 8; 1
27; 0.100; 0.006471; 0.000000; 0.095365; 0.045675; 0.024152; 0.419643; {min=-0.016, max=0.400}; {min=-0.026, max=0.077}; 7; 12; 1
28; 0.067; 0.001570; 0.000000; 0.095365; 0.036382; 0.019013; 0.420455; {min=-0.016, max=0.400}; {min=-0.031, max=0.076}; 6; 13; 1
29; 0.050; 0.003173; 0.000000; 0.095365; 0.056872; 0.030832; 0.365854; {min=-0.071, max=0.400}; {min=-0.029, max=0.080}; 9; 10; 1
30; 0.050; 0.004097; 0.000000; 0.095365; 0.036382; 0.019013; 0.420455; {min=-0.016, max=0.400}; {min=-0.033, max=0.080}; 5; 14; 1
31; 0.050; 0.003613; 0.000000; 0.095365; 0.025884; 0.013361; 0.412698; {min=-0.025, max=0.400}; {min=-0.036, max=0.078}; 4; 15; 1
32; 0.050; 0.007350; 0.000000; 0.095365; 0.025884; 0.013361; 0.412698; {min=-0.025, max=0.400}; {min=-0.034, max=0.085}; 4; 15; 1
33; 0.050; 0.003508; 0.000000; 0.095365; 0.053717; 0.028777; 0.402878; {min=-0.033, max=0.400}; {min=-0.036, max=0.091}; 8; 11; 1
34; 0.050; 0.005631; 0.000000; 0.095365; 0.056872; 0.030832; 0.365854; {min=-0.071, max=0.400}; {min=-0.031, max=0.095}; 9; 10; 1
35; 0.050; 0.005932; 0.000000; 0.095365; 0.025884; 0.013361; 0.412698; {min=-0.025, max=0.400}; {min=-0.035, max=0.096}; 4; 15; 1
36; 0.050; 0.003586; 0.000000; 0.095365; 0.025884; 0.013361; 0.412698; {min=-0.025, max=0.400}; {min=-0.036, max=0.100}; 4; 15; 1
37; 0.050; 0.008438; 0.000000; 0.095365; 0.043689; 0.023124; 0.394737; {min=-0.041, max=0.400}; {min=-0.038, max=0.099}; 7; 12; 1
38; 0.050; 0.005626; 0.000000; 0.095365; 0.053717; 0.028777; 0.402878; {min=-0.033, max=0.400}; {min=-0.036, max=0.108}; 8; 11; 1
39; 0.050; 0.005468; 0.000000; 0.095365; 0.068246; 0.036999; 0.439024; {min=-0.120, max=0.640}; {min=-0.041, max=0.114}; 9; 10; 1
40; 0.050; 0.005616; 0.000000; 0.095365; 0.068246; 0.036999; 0.439024; {min=-0.120, max=0.640}; {min=-0.043, max=0.111}; 9; 10; 1
41; 0.050; 0.003795; 0.000000; 0.095365; 0.068246; 0.036999; 0.439024; {min=-0.120, max=0.640}; {min=-0.041, max=0.117}; 9; 10; 1
42; 0.050; 0.003923; 0.000000; 0.095365; 0.025884; 0.013361; 0.412698; {min=-0.025, max=0.400}; {min=-0.049, max=0.116}; 4; 15; 1
43; 0.050; 0.007833; 0.000000; 0.095365; 0.041298; 0.021583; 0.477273; {min=-0.120, max=0.640}; {min=-0.051, max=0.109}; 5; 14; 1
44; 0.050; 0.001569; 0.000000; 0.095365; 0.041298; 0.021583; 0.477273; {min=-0.120, max=0.640}; {min=-0.049, max=0.113}; 5; 14; 1
45; 0.050; 0.006869; 0.000000; 0.095365; 0.041298; 0.021583; 0.477273; {min=-0.120, max=0.640}; {min=-0.058, max=0.108}; 5; 14; 1
46; 0.050; 0.003838; 0.000000; 0.095365; 0.041298; 0.021583; 0.477273; {min=-0.120, max=0.640}; {min=-0.059, max=0.106}; 5; 14; 1
47; 0.050; 0.003440; 0.000000; 0.095365; 0.041298; 0.021583; 0.477273; {min=-0.120, max=0.640}; {min=-0.054, max=0.113}; 5; 14; 1
48; 0.050; 0.009143; 0.000000; 0.095365; 0.041298; 0.021583; 0.477273; {min=-0.120, max=0.640}; {min=-0.061, max=0.107}; 5; 14; 1
49; 0.050; 0.009812; 0.000000; 0.095365; 0.074074; 0.041110; 0.373832; {min=-0.120, max=0.640}; {min=-0.053, max=0.113}; 11; 8; 1
50; 0.050; 0.002909; 0.000000; 0.095365; 0.074074; 0.041110; 0.373832; {min=-0.120, max=0.640}; {min=-0.052, max=0.119}; 11; 8; 1
51; 0.050; 0.004226; 0.000000; 0.095365; 0.074074; 0.041110; 0.373832; {min=-0.120, max=0.640}; {min=-0.062, max=0.106}; 11; 8; 1
52; 0.050; 0.001693; 0.000000; 0.095365; 0.084932; 0.047790; 0.381148; {min=-0.120, max=0.640}; {min=-0.036, max=0.109}; 13; 6; 1
53; 0.050; 0.009407; 0.000000; 0.095365; 0.070995; 0.039054; 0.389744; {min=-0.120, max=0.640}; {min=-0.038, max=0.102}; 11; 8; 1
54; 0.050; 0.010613; 0.000000; 0.095365; 0.079446; 0.044193; 0.392694; {min=-0.120, max=0.640}; {min=-0.037, max=0.113}; 12; 7; 1
55; 0.050; 0.007105; 0.000000; 0.095365; 0.088488; 0.050360; 0.364312; {min=-0.120, max=0.640}; {min=-0.036, max=0.128}; 14; 5; 1
56; 0.050; 0.001693; 0.000000; 0.095365; 0.088488; 0.050360; 0.364312; {min=-0.120, max=0.640}; {min=-0.036, max=0.134}; 14; 5; 1
57; 0.050; 0.006442; 0.000000; 0.095365; 0.079446; 0.044193; 0.392694; {min=-0.120, max=0.640}; {min=-0.037, max=0.130}; 12; 7; 1
58; 0.050; 0.006815; 0.000000; 0.095365; 0.096472; 0.055498; 0.368601; {min=-0.120, max=0.640}; {min=-0.037, max=0.141}; 15; 4; 1
59; 0.050; 0.007460; 0.000000; 0.095365; 0.084932; 0.047790; 0.381148; {min=-0.120, max=0.640}; {min=-0.036, max=0.141}; 13; 6; 1
60; 0.050; 0.009325; 0.000000; 0.095365; 0.057416; 0.030832; 0.416667; {min=-0.120, max=0.640}; {min=-0.046, max=0.121}; 8; 11; 1
61; 0.050; 0.004686; 0.000000; 0.095365; 0.057416; 0.030832; 0.416667; {min=-0.120, max=0.640}; {min=-0.046, max=0.131}; 8; 11; 1
62; 0.050; 0.007528; 0.000000; 0.095365; 0.057416; 0.030832; 0.416667; {min=-0.120, max=0.640}; {min=-0.061, max=0.117}; 8; 11; 1
63; 0.050; 0.005236; 0.000000; 0.095365; 0.057416; 0.030832; 0.416667; {min=-0.120, max=0.640}; {min=-0.063, max=0.123}; 8; 11; 1
64; 0.050; 0.004545; 0.000000; 0.095365; 0.057416; 0.030832; 0.416667; {min=-0.120, max=0.640}; {min=-0.066, max=0.126}; 8; 11; 1
65; 0.050; 0.007300; 0.000000; 0.095365; 0.057416; 0.030832; 0.416667; {min=-0.120, max=0.640}; {min=-0.067, max=0.133}; 8; 11; 1
66; 0.050; 0.009861; 0.000000; 0.095365; 0.057416; 0.030832; 0.416667; {min=-0.120, max=0.640}; {min=-0.070, max=0.138}; 8; 11; 1
67; 0.050; 0.003835; 0.000000; 0.095365; 0.057416; 0.030832; 0.416667; {min=-0.120, max=0.640}; {min=-0.069, max=0.149}; 8; 11; 1
68; 0.050; 0.003497; 0.000000; 0.095365; 0.057416; 0.030832; 0.416667; {min=-0.120, max=0.640}; {min=-0.069, max=0.152}; 8; 11; 1
69; 0.050; 0.011803; 0.000000; 0.095365; 0.066225; 0.035971; 0.416667; {min=-0.120, max=0.640}; {min=-0.074, max=0.153}; 9; 10; 1
70; 0.050; 0.004101; 0.000000; 0.095365; 0.057416; 0.030832; 0.416667; {min=-0.120, max=0.640}; {min=-0.072, max=0.166}; 8; 11; 1
71; 0.050; 0.007768; 0.000000; 0.095365; 0.066225; 0.035971; 0.416667; {min=-0.120, max=0.640}; {min=-0.073, max=0.170}; 9; 10; 1
72; 0.050; 0.008576; 0.000000; 0.095365; 0.066225; 0.035971; 0.416667; {min=-0.120, max=0.640}; {min=-0.077, max=0.173}; 9; 10; 1
73; 0.050; 0.006559; 0.000000; 0.095365; 0.066225; 0.035971; 0.416667; {min=-0.120, max=0.640}; {min=-0.075, max=0.185}; 9; 10; 1
74; 0.050; 0.009198; 0.000000; 0.095365; 0.066225; 0.035971; 0.416667; {min=-0.120, max=0.640}; {min=-0.080, max=0.184}; 9; 10; 1
75; 0.050; 0.007716; 0.000000; 0.095365; 0.057416; 0.030832; 0.416667; {min=-0.120, max=0.640}; {min=-0.085, max=0.184}; 8; 11; 1
76; 0.050; 0.005916; 0.000000; 0.095365; 0.066225; 0.035971; 0.416667; {min=-0.120, max=0.640}; {min=-0.087, max=0.191}; 9; 10; 1
77; 0.050; 0.006259; 0.000000; 0.095365; 0.066225; 0.035971; 0.416667; {min=-0.120, max=0.640}; {min=-0.094, max=0.194}; 9; 10; 1
78; 0.050; 0.008247; 0.000000; 0.095365; 0.066225; 0.035971; 0.416667; {min=-0.120, max=0.640}; {min=-0.098, max=0.200}; 9; 10; 1
79; 0.050; 0.003817; 0.000000; 0.095365; 0.066225; 0.035971; 0.416667; {min=-0.120, max=0.640}; {min=-0.098, max=0.209}; 9; 10; 1
80; 0.050; 0.009073; 0.000000; 0.095365; 0.066225; 0.035971; 0.416667; {min=-0.120, max=0.640}; {min=-0.096, max=0.218}; 9; 10; 1
81; 0.050; 0.007965; 0.000000; 0.095365; 0.066225; 0.035971; 0.416667; {min=-0.120, max=0.640}; {min=-0.103, max=0.221}; 9; 10; 1
82; 0.050; 0.005650; 0.000000; 0.095365; 0.066225; 0.035971; 0.416667; {min=-0.120, max=0.640}; {min=-0.108, max=0.225}; 9; 10; 1
83; 0.050; 0.006492; 0.000000; 0.095365; 0.066225; 0.035971; 0.416667; {min=-0.120, max=0.640}; {min=-0.114, max=0.227}; 9; 10; 1
84; 0.050; 0.005763; 0.000000; 0.095365; 0.066225; 0.035971; 0.416667; {min=-0.120, max=0.640}; {min=-0.116, max=0.229}; 9; 10; 1
85; 0.050; 0.006063; 0.000000; 0.095365; 0.066225; 0.035971; 0.416667; {min=-0.120, max=0.640}; {min=-0.124, max=0.230}; 9; 10; 1
86; 0.050; 0.006105; 0.000000; 0.095365; 0.066225; 0.035971; 0.416667; {min=-0.120, max=0.640}; {min=-0.127, max=0.233}; 9; 10; 1
87; 0.050; 0.007185; 0.000000; 0.095365; 0.066225; 0.035971; 0.416667; {min=-0.120, max=0.640}; {min=-0.127, max=0.245}; 9; 10; 1
88; 0.050; 0.003439; 0.000000; 0.095365; 0.066225; 0.035971; 0.416667; {min=-0.120, max=0.640}; {min=-0.138, max=0.245}; 9; 10; 1
89; 0.050; 0.004114; 0.000000; 0.095365; 0.066225; 0.035971; 0.416667; {min=-0.120, max=0.640}; {min=-0.145, max=0.243}; 9; 10; 1
90; 0.050; 0.005475; 0.000000; 0.095365; 0.066225; 0.035971; 0.416667; {min=-0.120, max=0.640}; {min=-0.146, max=0.248}; 9; 10; 1
91; 0.050; 0.007562; 0.000000; 0.095365; 0.066225; 0.035971; 0.416667; {min=-0.120, max=0.640}; {min=-0.149, max=0.253}; 9; 10; 1
92; 0.050; 0.007998; 0.000000; 0.095365; 0.048426; 0.025694; 0.420168; {min=-0.128, max=0.640}; {min=-0.149, max=0.255}; 7; 12; 1
93; 0.050; 0.006167; 0.000000; 0.095365; 0.057444; 0.030832; 0.419580; {min=-0.087, max=0.640}; {min=-0.149, max=0.266}; 8; 11; 1
94; 0.050; 0.007638; 0.000000; 0.095365; 0.066225; 0.035971; 0.416667; {min=-0.120, max=0.640}; {min=-0.149, max=0.274}; 9; 10; 1
95; 0.050; 0.005101; 0.000000; 0.095365; 0.057444; 0.030832; 0.419580; {min=-0.087, max=0.640}; {min=-0.153, max=0.271}; 8; 11; 1
96; 0.050; 0.004858; 0.000000; 0.095365; 0.066225; 0.035971; 0.416667; {min=-0.120, max=0.640}; {min=-0.154, max=0.277}; 9; 10; 1
97; 0.050; 0.006727; 0.000000; 0.095365; 0.057444; 0.030832; 0.419580; {min=-0.087, max=0.640}; {min=-0.155, max=0.280}; 8; 11; 1
98; 0.050; 0.004397; 0.000000; 0.095365; 0.066225; 0.035971; 0.416667; {min=-0.120, max=0.640}; {min=-0.153, max=0.283}; 9; 10; 1
99; 0.050; 0.009158; 0.000000; 0.095365; 0.057444; 0.030832; 0.419580; {min=-0.087, max=0.640}; {min=-0.160, max=0.283}; 8; 11; 1
100; 0.050; 0.005696; 0.000000; 0.095365; 0.057444; 0.030832; 0.419580; {min=-0.087, max=0.640}; {min=-0.162, max=0.292}; 8; 11; 1
101; 0.050; 0.004608; 0.000000; 0.095365; 0.057444; 0.030832; 0.419580; {min=-0.087, max=0.640}; {min=-0.169, max=0.295}; 8; 11; 1
102; 0.050; 0.005044; 0.000000; 0.095365; 0.057444; 0.030832; 0.419580; {min=-0.087, max=0.640}; {min=-0.165, max=0.309}; 8; 11; 1
103; 0.017; 0.004601; 0.000000; 0.095365; 0.057444; 0.030832; 0.419580; {min=-0.087, max=0.640}; {min=-0.175, max=0.303}; 8; 11; 1
104; 0.000; 0.006843; 0.000000; 0.095365; 0.057444; 0.030832; 0.419580; {min=-0.087, max=0.640}; {min=-0.177, max=0.307}; 8; 11; 1
105; 0.000; 0.005478; 0.000000; 0.095365; 0.057444; 0.030832; 0.419580; {min=-0.087, max=0.640}; {min=-0.176, max=0.316}; 8; 11; 1
106; 0.000; 0.001870; 0.000000; 0.095365; 0.057444; 0.030832; 0.419580; {min=-0.087, max=0.640}; {min=-0.184, max=0.314}; 8; 11; 1
107; 0.000; 0.005628; 0.000000; 0.095365; 0.019221; 0.009764; 0.612903; {min=-0.027, max=0.640}; {min=-0.192, max=0.315}; 2; 17; 1
108; 0.000; 0.005533; 0.000000; 0.095365; 0.019221; 0.009764; 0.612903; {min=-0.027, max=0.640}; {min=-0.192, max=0.317}; 2; 17; 1
109; 0.000; 0.004589; 0.000000; 0.095365; 0.019221; 0.009764; 0.612903; {min=-0.027, max=0.640}; {min=-0.192, max=0.322}; 2; 17; 1
110; 0.000; 0.005318; 0.000000; 0.095365; 0.019221; 0.009764; 0.612903; {min=-0.027, max=0.640}; {min=-0.193, max=0.330}; 2; 17; 1
111; 0.000; 0.004507; 0.000000; 0.095365; 0.019221; 0.009764; 0.612903; {min=-0.027, max=0.640}; {min=-0.199, max=0.331}; 2; 17; 1
112; 0.000; 0.003894; 0.000000; 0.095365; 0.048426; 0.025694; 0.420168; {min=-0.128, max=0.640}; {min=-0.184, max=0.342}; 7; 12; 1
113; 0.000; 0.002943; 0.000000; 0.095365; 0.019221; 0.009764; 0.612903; {min=-0.027, max=0.640}; {min=-0.201, max=0.343}; 2; 17; 1
114; 0.000; 0.006015; 0.000000; 0.095365; 0.019221; 0.009764; 0.612903; {min=-0.027, max=0.640}; {min=-0.203, max=0.343}; 2; 17; 1
115; 0.000; 0.004277; 0.000000; 0.095365; 0.019221; 0.009764; 0.612903; {min=-0.027, max=0.640}; {min=-0.201, max=0.352}; 2; 17; 1
116; 0.000; 0.003187; 0.000000; 0.095365; 0.019221; 0.009764; 0.612903; {min=-0.027, max=0.640}; {min=-0.203, max=0.354}; 2; 17; 1
117; 0.000; 0.004702; 0.000000; 0.095365; 0.019221; 0.009764; 0.612903; {min=-0.027, max=0.640}; {min=-0.203, max=0.358}; 2; 17; 1
118; 0.000; 0.003903; 0.000000; 0.095365; 0.019221; 0.009764; 0.612903; {min=-0.027, max=0.640}; {min=-0.206, max=0.360}; 2; 17; 1
119; 0.000; 0.003758; 0.000000; 0.095365; 0.019221; 0.009764; 0.612903; {min=-0.027, max=0.640}; {min=-0.206, max=0.367}; 2; 17; 1
120; 0.000; 0.004272; 0.000000; 0.095365; 0.019221; 0.009764; 0.612903; {min=-0.027, max=0.640}; {min=-0.210, max=0.363}; 2; 17; 1
121; 0.000; 0.003928; 0.000000; 0.095365; 0.019221; 0.009764; 0.612903; {min=-0.027, max=0.640}; {min=-0.207, max=0.373}; 2; 17; 1
122; 0.000; 0.003204; 0.000000; 0.095365; 0.019221; 0.009764; 0.612903; {min=-0.027, max=0.640}; {min=-0.209, max=0.377}; 2; 17; 1
123; 0.000; 0.006280; 0.000000; 0.095365; 0.019221; 0.009764; 0.612903; {min=-0.027, max=0.640}; {min=-0.207, max=0.383}; 2; 17; 1
124; 0.000; 0.006432; 0.000000; 0.095365; 0.019221; 0.009764; 0.612903; {min=-0.027, max=0.640}; {min=-0.216, max=0.374}; 2; 17; 1
125; 0.000; 0.002866; 0.000000; 0.095365; 0.019221; 0.009764; 0.612903; {min=-0.027, max=0.640}; {min=-0.215, max=0.380}; 2; 17; 1
126; 0.000; 0.003322; 0.000000; 0.095365; 0.019221; 0.009764; 0.612903; {min=-0.027, max=0.640}; {min=-0.214, max=0.379}; 2; 17; 1
127; 0.000; 0.002748; 0.000000; 0.095365; 0.019221; 0.009764; 0.612903; {min=-0.027, max=0.640}; {min=-0.212, max=0.390}; 2; 17; 1
128; 0.000; 0.003393; 0.000000; 0.095365; 0.019221; 0.009764; 0.612903; {min=-0.027, max=0.640}; {min=-0.215, max=0.393}; 2; 17; 1
129; 0.000; 0.004618; 0.000000; 0.095365; 0.019221; 0.009764; 0.612903; {min=-0.027, max=0.640}; {min=-0.217, max=0.398}; 2; 17; 1
130; 0.000; 0.003293; 0.000000; 0.095365; 0.019221; 0.009764; 0.612903; {min=-0.027, max=0.640}; {min=-0.218, max=0.402}; 2; 17; 1
131; 0.000; 0.003480; 0.000000; 0.095365; 0.019221; 0.009764; 0.612903; {min=-0.027, max=0.640}; {min=-0.219, max=0.403}; 2; 17; 1
132; 0.000; 0.003532; 0.000000; 0.095365; 0.019221; 0.009764; 0.612903; {min=-0.027, max=0.640}; {min=-0.225, max=0.402}; 2; 17; 1
133; 0.000; 0.005308; 0.000000; 0.095365; 0.019221; 0.009764; 0.612903; {min=-0.027, max=0.640}; {min=-0.228, max=0.400}; 2; 17; 1
134; 0.000; 0.003819; 0.000000; 0.095365; 0.019221; 0.009764; 0.612903; {min=-0.027, max=0.640}; {min=-0.225, max=0.412}; 2; 17; 1
135; 0.000; 0.003127; 0.000000; 0.095365; 0.019221; 0.009764; 0.612903; {min=-0.027, max=0.640}; {min=-0.229, max=0.412}; 2; 17; 1
136; 0.000; 0.002448; 0.000000; 0.095365; 0.019221; 0.009764; 0.612903; {min=-0.027, max=0.640}; {min=-0.224, max=0.421}; 2; 17; 1
137; 0.000; 0.004930; 0.000000; 0.095365; 0.019221; 0.009764; 0.612903; {min=-0.027, max=0.640}; {min=-0.231, max=0.416}; 2; 17; 1
138; 0.000; 0.005562; 0.000000; 0.095365; 0.016235; 0.008222; 0.640000; {min=0.000, max=0.640}; {min=-0.248, max=0.413}; 1; 18; 1
139; 0.000; 0.008678; 0.000000; 0.095365; 0.016235; 0.008222; 0.640000; {min=0.000, max=0.640}; {min=-0.251, max=0.412}; 1; 18; 1
140; 0.000; 0.003698; 0.000000; 0.095365; 0.016235; 0.008222; 0.640000; {min=0.000, max=0.640}; {min=-0.244, max=0.422}; 1; 18; 1
141; 0.000; 0.002443; 0.000000; 0.095365; 0.016235; 0.008222; 0.640000; {min=0.000, max=0.640}; {min=-0.250, max=0.423}; 1; 18; 1
142; 0.000; 0.001575; 0.000000; 0.095365; 0.016235; 0.008222; 0.640000; {min=0.000, max=0.640}; {min=-0.248, max=0.430}; 1; 18; 1
143; 0.000; 0.004093; 0.000000; 0.095365; 0.016235; 0.008222; 0.640000; {min=0.000, max=0.640}; {min=-0.247, max=0.437}; 1; 18; 1
144; 0.000; 0.004919; 0.000000; 0.095365; 0.016235; 0.008222; 0.640000; {min=0.000, max=0.640}; {min=-0.252, max=0.434}; 1; 18; 1
145; 0.000; 0.002386; 0.000000; 0.095365; 0.016235; 0.008222; 0.640000; {min=0.000, max=0.640}; {min=-0.253, max=0.434}; 1; 18; 1
146; 0.000; 0.002964; 0.000000; 0.095365; 0.016235; 0.008222; 0.640000; {min=0.000, max=0.640}; {min=-0.251, max=0.442}; 1; 18; 1
147; 0.000; 0.004166; 0.000000; 0.095365; 0.016235; 0.008222; 0.640000; {min=0.000, max=0.640}; {min=-0.249, max=0.448}; 1; 18; 1
148; 0.000; 0.002088; 0.000000; 0.095365; 0.016235; 0.008222; 0.640000; {min=0.000, max=0.640}; {min=-0.251, max=0.448}; 1; 18; 1
149; 0.000; 0.006415; 0.000000; 0.095365; 0.016235; 0.008222; 0.640000; {min=0.000, max=0.640}; {min=-0.252, max=0.452}; 1; 18; 1
150; 0.000; 0.003081; 0.000000; 0.095365; 0.016235; 0.008222; 0.640000; {min=0.000, max=0.640}; {min=-0.255, max=0.450}; 1; 18; 1
151; 0.000; 0.002560; 0.000000; 0.095365; 0.016235; 0.008222; 0.640000; {min=0.000, max=0.640}; {min=-0.256, max=0.444}; 1; 18; 1
152; 0.000; 0.001906; 0.000000; 0.095365; 0.016235; 0.008222; 0.640000; {min=0.000, max=0.640}; {min=-0.252, max=0.453}; 1; 18; 1
153; 0.000; 0.001319; 0.000000; 0.095365; 0.016235; 0.008222; 0.640000; {min=0.000, max=0.640}; {min=-0.250, max=0.462}; 1; 18; 1
154; 0.000; 0.004219; 0.000000; 0.095365; 0.016235; 0.008222; 0.640000; {min=0.000, max=0.640}; {min=-0.255, max=0.461}; 1; 18; 1
155; 0.000; 0.006762; 0.000000; 0.095365; 0.016235; 0.008222; 0.640000; {min=0.000, max=0.640}; {min=-0.254, max=0.467}; 1; 18; 1
156; 0.000; 0.002632; 0.000000; 0.095365; 0.016235; 0.008222; 0.640000; {min=0.000, max=0.640}; {min=-0.255, max=0.466}; 1; 18; 1
157; 0.000; 0.001144; 0.000000; 0.095365; 0.016235; 0.008222; 0.640000; {min=0.000, max=0.640}; {min=-0.254, max=0.472}; 1; 18; 1
158; 0.000; 0.002597; 0.000000; 0.095365; 0.016235; 0.008222; 0.640000; {min=0.000, max=0.640}; {min=-0.256, max=0.470}; 1; 18; 1
159; 0.000; 0.001504; 0.000000; 0.095365; 0.016235; 0.008222; 0.640000; {min=0.000, max=0.640}; {min=-0.263, max=0.464}; 1; 18; 1
160; 0.000; 0.010228; 0.000000; 0.095365; 0.016235; 0.008222; 0.640000; {min=0.000, max=0.640}; {min=-0.258, max=0.475}; 1; 18; 1
161; 0.000; 0.002598; 0.000000; 0.095365; 0.016235; 0.008222; 0.640000; {min=0.000, max=0.640}; {min=-0.263, max=0.470}; 1; 18; 1
162; 0.000; 0.003829; 0.000000; 0.095365; 0.016235; 0.008222; 0.640000; {min=0.000, max=0.640}; {min=-0.262, max=0.474}; 1; 18; 1
163; 0.000; 0.002070; 0.000000; 0.095365; 0.016235; 0.008222; 0.640000; {min=0.000, max=0.640}; {min=-0.261, max=0.463}; 1; 18; 1
164; 0.000; 0.001708; 0.000000; 0.095365; 0.016235; 0.008222; 0.640000; {min=0.000, max=0.640}; {min=-0.258, max=0.472}; 1; 18; 1
165; 0.000; 0.001369; 0.000000; 0.095365; 0.016235; 0.008222; 0.640000; {min=0.000, max=0.640}; {min=-0.261, max=0.478}; 1; 18; 1
166; 0.000; 0.004075; 0.000000; 0.095365; 0.016235; 0.008222; 0.640000; {min=0.000, max=0.640}; {min=-0.262, max=0.482}; 1; 18; 1
167; 0.000; 0.001838; 0.000000; 0.095365; 0.016235; 0.008222; 0.640000; {min=0.000, max=0.640}; {min=-0.264, max=0.479}; 1; 18; 1
168; 0.000; 0.001427; 0.000000; 0.095365; 0.016235; 0.008222; 0.640000; {min=0.000, max=0.640}; {min=-0.254, max=0.494}; 1; 18; 1
169; 0.000; 0.004928; 0.000000; 0.095365; 0.016235; 0.008222; 0.640000; {min=0.000, max=0.640}; {min=-0.253, max=0.499}; 1; 18; 1
170; 0.000; 0.003286; 0.000000; 0.095365; 0.016235; 0.008222; 0.640000; {min=0.000, max=0.640}; {min=-0.263, max=0.495}; 1; 18; 1
171; 0.000; 0.004323; 0.000000; 0.095365; 0.016235; 0.008222; 0.640000; {min=0.000, max=0.640}; {min=-0.268, max=0.486}; 1; 18; 1
172; 0.000; 0.001337; 0.000000; 0.095365; 0.016235; 0.008222; 0.640000; {min=0.000, max=0.640}; {min=-0.267, max=0.496}; 1; 18; 1
173; 0.000; 0.003716; 0.000000; 0.095365; 0.016235; 0.008222; 0.640000; {min=0.000, max=0.640}; {min=-0.268, max=0.501}; 1; 18; 1
174; 0.000; 0.003129; 0.000000; 0.095365; 0.016235; 0.008222; 0.640000; {min=0.000, max=0.640}; {min=-0.264, max=0.508}; 1; 18; 1
175; 0.000; 0.001144; 0.000000; 0.095365; 0.016235; 0.008222; 0.640000; {min=0.000, max=0.640}; {min=-0.268, max=0.510}; 1; 18; 1
176; 0.000; 0.001740; 0.000000; 0.095365; 0.016235; 0.008222; 0.640000; {min=0.000, max=0.640}; {min=-0.272, max=0.512}; 1; 18; 1
177; 0.000; 0.000991; 0.000000; 0.095365; 0.016235; 0.008222; 0.640000; {min=0.000, max=0.640}; {min=-0.270, max=0.515}; 1; 18; 1
178; 0.000; 0.004125; 0.000000; 0.095365; 0.016235; 0.008222; 0.640000; {min=0.000, max=0.640}; {min=-0.271, max=0.512}; 1; 18; 1
179; 0.000; 0.000877; 0.000000; 0.095365; 0.016235; 0.008222; 0.640000; {min=0.000, max=0.640}; {min=-0.271, max=0.515}; 1; 18; 1
180; 0.000; 0.003453; 0.000000; 0.095365; 0.016235; 0.008222; 0.640000; {min=0.000, max=0.640}; {min=-0.267, max=0.520}; 1; 18; 1
181; 0.000; 0.001168; 0.000000; 0.095365; 0.016235; 0.008222; 0.640000; {min=0.000, max=0.640}; {min=-0.269, max=0.518}; 1; 18; 1
182; 0.000; 0.000960; 0.000000; 0.095365; 0.016235; 0.008222; 0.640000; {min=0.000, max=0.640}; {min=-0.268, max=0.523}; 1; 18; 1
183; 0.000; 0.000852; 0.000000; 0.095365; 0.016235; 0.008222; 0.640000; {min=0.000, max=0.640}; {min=-0.268, max=0.530}; 1; 18; 1
184; 0.000; 0.003773; 0.000000; 0.095365; 0.016235; 0.008222; 0.640000; {min=0.000, max=0.640}; {min=-0.276, max=0.528}; 1; 18; 1
185; 0.000; 0.003817; 0.000000; 0.095365; 0.016235; 0.008222; 0.640000; {min=0.000, max=0.640}; {min=-0.284, max=0.514}; 1; 18; 1
186; 0.000; 0.001004; 0.000000; 0.095365; 0.016235; 0.008222; 0.640000; {min=0.000, max=0.640}; {min=-0.277, max=0.517}; 1; 18; 1
187; 0.000; 0.001302; 0.000000; 0.095365; 0.016235; 0.008222; 0.640000; {min=0.000, max=0.640}; {min=-0.274, max=0.526}; 1; 18; 1
188; 0.000; 0.000745; 0.000000; 0.095365; 0.016235; 0.008222; 0.640000; {min=0.000, max=0.640}; {min=-0.271, max=0.530}; 1; 18; 1
189; 0.000; 0.001351; 0.000000; 0.095365; 0.016235; 0.008222; 0.640000; {min=0.000, max=0.640}; {min=-0.275, max=0.528}; 1; 18; 1
190; 0.000; 0.000987; 0.000000; 0.095365; 0.016235; 0.008222; 0.640000; {min=0.000, max=0.640}; {min=-0.273, max=0.534}; 1; 18; 1
191; 0.000; 0.001011; 0.000000; 0.095365; 0.016235; 0.008222; 0.640000; {min=0.000, max=0.640}; {min=-0.274, max=0.535}; 1; 18; 1
192; 0.000; 0.003743; 0.000000; 0.095365; 0.016235; 0.008222; 0.640000; {min=0.000, max=0.640}; {min=-0.272, max=0.543}; 1; 18; 1
193; 0.000; 0.006473; 0.000000; 0.095365; 0.016235; 0.008222; 0.640000; {min=0.000, max=0.640}; {min=-0.276, max=0.536}; 1; 18; 1
194; 0.000; 0.001144; 0.000000; 0.095365; 0.016235; 0.008222; 0.640000; {min=0.000, max=0.640}; {min=-0.276, max=0.534}; 1; 18; 1
195; 0.000; 0.000608; 0.000000; 0.095365; 0.016235; 0.008222; 0.640000; {min=0.000, max=0.640}; {min=-0.272, max=0.539}; 1; 18; 1
196; 0.000; 0.004245; 0.000000; 0.095365; 0.016235; 0.008222; 0.640000; {min=0.000, max=0.640}; {min=-0.277, max=0.533}; 1; 18; 1
197; 0.000; 0.001065; 0.000000; 0.095365; 0.016235; 0.008222; 0.640000; {min=0.000, max=0.640}; {min=-0.275, max=0.537}; 1; 18; 1
198; 0.000; 0.000813; 0.000000; 0.095365; 0.016235; 0.008222; 0.640000; {min=0.000, max=0.640}; {min=-0.281, max=0.535}; 1; 18; 1
199; 0.000; 0.000881; 0.000000; 0.095365; 0.016235; 0.008222; 0.640000; {min=0.000, max=0.640}; {min=-0.282, max=0.540}; 1; 18; 1
200; 0.000; 0.000574; 0.000000; 0.095365; 0.016235; 0.008222; 0.640000; {min=0.000, max=0.640}; {min=-0.286, max=0.540}; 1; 18; 1
201; 0.000; 0.003527; 0.000000; 0.095365; 0.016235; 0.008222; 0.640000; {min=0.000, max=0.640}; {min=-0.287, max=0.542}; 1; 18; 1
202; 0.000; 0.000880; 0.000000; 0.095365; 0.016235; 0.008222; 0.640000; {min=0.000, max=0.640}; {min=-0.289, max=0.542}; 1; 18; 1
203; 0.000; 0.000705; 0.000000; 0.095365; 0.016235; 0.008222; 0.640000; {min=0.000, max=0.640}; {min=-0.283, max=0.549}; 1; 18; 1
204; 0.000; 0.001186; 0.000000; 0.095365; 0.016235; 0.008222; 0.640000; {min=0.000, max=0.640}; {min=-0.278, max=0.556}; 1; 18; 1
205; 0.000; 0.000563; 0.000000; 0.095365; 0.016235; 0.008222; 0.640000; {min=0.000, max=0.640}; {min=-0.278, max=0.557}; 1; 18; 1
206; 0.000; 0.001154; 0.000000; 0.095365; 0.016235; 0.008222; 0.640000; {min=0.000, max=0.640}; {min=-0.282, max=0.549}; 1; 18; 1
207; 0.000; 0.000982; 0.000000; 0.095365; 0.016235; 0.008222; 0.640000; {min=0.000, max=0.640}; {min=-0.283, max=0.554}; 1; 18; 1
208; 0.000; 0.000944; 0.000000; 0.095365; 0.016235; 0.008222; 0.640000; {min=0.000, max=0.640}; {min=-0.282, max=0.561}; 1; 18; 1
209; 0.000; 0.006583; 0.000000; 0.095365; 0.016235; 0.008222; 0.640000; {min=0.000, max=0.640}; {min=-0.288, max=0.558}; 1; 18; 1
210; 0.000; 0.006273; 0.000000; 0.095365; 0.016235; 0.008222; 0.640000; {min=0.000, max=0.640}; {min=-0.287, max=0.555}; 1; 18; 1
211; 0.000; 0.004626; 0.000000; 0.095365; 0.016235; 0.008222; 0.640000; {min=0.000, max=0.640}; {min=-0.290, max=0.556}; 1; 18; 1
212; 0.000; 0.000815; 0.000000; 0.095365; 0.016235; 0.008222; 0.640000; {min=0.000, max=0.640}; {min=-0.291, max=0.555}; 1; 18; 1
213; 0.000; 0.000243; 0.000000; 0.095365; 0.016235; 0.008222; 0.640000; {min=0.000, max=0.640}; {min=-0.289, max=0.563}; 1; 18; 1
214; 0.000; 0.001369; 0.000000; 0.095365; 0.016235; 0.008222; 0.640000; {min=0.000, max=0.640}; {min=-0.284, max=0.565}; 1; 18; 1
215; 0.000; 0.004643; 0.000000; 0.095365; 0.016235; 0.008222; 0.640000; {min=0.000, max=0.640}; {min=-0.286, max=0.569}; 1; 18; 1
216; 0.000; 0.003253; 0.000000; 0.095365; 0.016235; 0.008222; 0.640000; {min=0.000, max=0.640}; {min=-0.292, max=0.561}; 1; 18; 1
217; 0.000; 0.001090; 0.000000; 0.095365; 0.016235; 0.008222; 0.640000; {min=0.000, max=0.640}; {min=-0.284, max=0.573}; 1; 18; 1
218; 0.000; 0.000668; 0.000000; 0.095365; 0.016235; 0.008222; 0.640000; {min=0.000, max=0.640}; {min=-0.290, max=0.572}; 1; 18; 1
219; 0.000; 0.000843; 0.000000; 0.095365; 0.016235; 0.008222; 0.640000; {min=0.00